2,2,2,2,2,2,2,2,2,2,2,2,2,2,2,2,2,2,2,2,2,2,2,2,2,2,2,2,2,2,2,2,2,2,2,2,2,2,2,2,2,2,2,2,2,2,2,2,2,2,2,2,2,2,2,2,2,2,2,2,2,2,2,2,2,2,2,2,2,2,2,2,2,2,2,2,2,2,2,2,2,2,2,2,2,2,2,2,2,2,2,2,2,2,2,2,2,2,2,2,2,2,2,2,2,2,2,2,2,2,2,2,2,2,2,2,2,2,2,2,2,2,2,2,2,2,2,2,2,2,2,2,2,2,2,2,2,2,2,2,2,2,2,2,2,2,2,2,2,2,2,2,2,2,2,2,2,2,2,2,2,2,2,2,2,2,2,2,2,2,2,2,2,2,2,2,2,2,2,2,2,2,2,2,2,2,2,2,2,2,2,
2,2,2,2,2,2,2,2,2,2,2,2,2,2,2,2,2,2,2,2,2,2,2,2,2,2,2,2,2,2,2,2,2,2,2,2,2,2,2,2,2,2,2,2,2,2,2,2,2,2,2,2,2,2,2,2,2,2,2,2,2,2,2,2,2,2,2,2,2,2,2,2,2,2,2,2,2,2,2,2,2,2,2,2,2,2,2,2,2,2,2,2,2,2,2,2,2,2,2,2,2,2,2,2,2,2,2,2,2,2,2,2,2,2,2,2,2,2,2,2,2,2,2,2,2,2,2,2,2,2,2,2,2,2,2,2,2,2,2,2,2,2,2,2,2,2,2,2,2,2,2,2,2,2,2,2,2,2,2,2,2,2,2,2,2,2,2,2,2,2,2,2,2,2,2,2,2,2,2,2,2,2,2,2,2,2,2,2,2,2,2,
2,2,2,2,2,2,2,2,2,2,2,2,2,2,2,2,2,2,2,2,2,2,2,2,2,2,2,2,2,2,2,2,2,2,2,2,2,2,2,2,2,2,2,2,2,2,2,2,2,2,2,2,2,2,2,2,2,2,2,2,2,2,2,2,2,2,2,2,2,2,2,2,2,2,2,2,2,2,2,2,2,2,2,2,2,2,2,2,2,2,2,2,2,2,2,2,2,2,2,2,2,2,2,2,2,2,2,2,2,2,2,2,2,2,2,2,2,2,2,2,2,2,2,2,2,2,2,2,2,2,2,2,2,2,2,2,2,2,2,2,2,2,2,2,2,2,2,2,2,2,2,2,2,2,2,2,2,2,2,2,2,2,2,2,2,2,2,2,2,2,2,2,2,2,2,2,2,2,2,2,2,2,2,2,2,2,2,2,2,2,2,
2,2,2,2,2,2,2,2,2,2,2,2,2,2,2,2,2,2,2,2,2,2,2,2,2,2,2,2,2,2,2,2,2,2,2,2,2,2,2,2,2,2,2,2,2,2,2,2,2,2,2,2,2,2,2,2,2,2,2,2,2,2,2,2,2,2,2,2,2,2,2,2,2,2,2,2,2,2,2,2,2,2,2,2,2,2,2,2,2,2,2,2,2,2,2,2,2,2,2,2,2,2,2,2,2,2,2,2,2,2,2,2,2,2,2,2,2,2,2,2,2,2,2,2,2,2,2,2,2,2,2,2,2,2,2,2,2,2,2,2,2,2,2,2,2,2,2,2,2,2,2,2,2,2,2,2,2,2,2,2,2,2,2,2,2,2,2,2,2,2,2,2,2,2,2,2,2,2,2,2,2,2,2,2,2,2,2,2,2,2,2,
2,2,2,2,2,2,2,2,2,2,2,2,2,2,2,2,2,2,2,2,2,2,2,2,2,2,2,2,2,2,2,2,2,2,2,2,2,2,2,2,2,2,2,2,2,2,2,2,2,2,2,2,2,2,2,2,2,2,2,2,2,2,2,2,2,2,2,2,2,2,2,2,2,2,2,2,2,2,2,2,2,2,2,2,2,2,2,2,2,2,2,2,2,2,2,2,2,2,2,2,2,2,2,2,2,2,2,2,2,2,2,2,2,2,2,2,2,2,2,2,2,2,2,2,2,2,2,2,2,2,2,2,2,2,2,2,2,2,2,2,2,2,2,2,2,2,2,2,2,2,2,2,2,2,2,2,2,2,2,2,2,2,2,2,2,2,2,2,2,2,2,2,2,2,2,2,2,2,2,2,2,2,2,2,2,2,2,2,2,2,2,
2,2,2,2,2,2,2,2,2,2,2,2,2,2,2,2,2,2,2,2,2,2,2,2,2,2,2,2,2,2,2,2,2,2,2,2,2,2,2,2,2,2,2,2,2,2,2,2,2,2,2,2,2,2,2,2,2,2,2,2,2,2,2,2,2,2,2,2,2,2,2,2,2,2,2,2,2,2,2,2,2,2,2,2,2,2,2,2,2,2,2,2,2,2,2,2,2,2,2,2,2,2,2,2,2,2,2,2,2,2,2,2,2,2,2,2,2,2,2,2,2,2,2,2,2,2,2,2,2,2,2,2,2,2,2,2,2,2,2,2,2,2,2,2,2,2,2,2,2,2,2,2,2,2,2,2,2,2,2,2,2,2,2,2,2,2,2,2,2,2,2,2,2,2,2,2,2,2,2,2,2,2,2,2,2,2,2,2,2,2,2,
2,2,2,2,2,2,2,2,2,2,2,2,2,2,2,2,2,2,2,2,2,2,2,2,2,2,2,2,2,2,2,2,2,2,2,2,2,2,2,2,2,2,2,2,2,2,2,2,2,2,2,2,2,2,2,2,2,2,2,2,2,2,2,2,2,2,2,2,2,2,2,2,2,2,2,2,2,2,2,2,2,2,2,2,2,2,2,2,2,2,2,2,2,2,2,2,2,2,2,2,2,2,2,2,2,2,2,2,2,2,2,2,2,2,2,2,2,2,2,2,2,2,2,2,2,2,2,2,2,2,2,2,2,2,2,2,2,2,2,2,2,2,2,2,2,2,2,2,2,2,2,2,2,2,2,2,2,2,2,2,2,2,2,2,2,2,2,2,2,2,2,2,2,2,2,2,2,2,2,2,2,2,2,2,2,2,2,2,2,2,2,
2,2,2,2,2,2,2,2,2,2,2,2,2,2,2,2,2,2,2,2,2,2,2,2,2,2,2,2,2,2,2,2,2,2,2,2,2,2,2,2,2,2,2,2,2,2,2,2,2,2,2,2,2,2,2,2,2,2,2,2,2,2,2,2,2,2,2,2,2,2,2,2,2,2,2,2,2,2,2,2,2,2,2,2,2,2,2,2,2,2,2,2,2,2,2,2,2,2,2,2,2,2,2,2,2,2,2,2,2,2,2,2,2,2,2,2,2,2,2,2,2,2,2,2,2,2,2,2,2,2,2,2,2,2,2,2,2,2,2,2,2,2,2,2,2,2,2,2,2,2,2,2,2,2,2,2,2,2,2,2,2,2,2,2,2,2,2,2,2,2,2,2,2,2,2,2,2,2,2,2,2,2,2,2,2,2,2,2,2,2,2,
2,2,2,2,2,2,2,2,2,2,2,2,2,2,2,2,2,2,2,2,2,2,2,2,2,2,2,2,2,2,2,2,2,2,2,2,2,2,2,2,2,2,2,2,2,2,2,2,2,2,2,2,2,2,2,2,2,2,2,2,2,2,2,2,2,2,2,2,2,2,2,2,2,2,2,2,2,2,2,2,2,2,2,2,2,2,2,2,2,2,2,2,2,2,2,2,2,2,2,2,2,2,2,2,2,2,2,2,2,2,2,2,2,2,2,2,2,2,2,2,2,2,2,2,2,2,2,2,2,2,2,2,2,2,2,2,2,2,2,2,2,2,2,2,2,2,2,2,2,2,2,2,2,2,2,2,2,2,2,2,2,2,2,2,2,2,2,2,2,2,2,2,2,2,2,2,2,2,2,2,2,2,2,2,2,2,2,2,2,2,2,
2,2,2,2,2,2,2,2,2,2,2,2,2,2,2,2,2,2,2,2,2,2,2,2,2,2,2,2,2,2,2,2,2,2,2,2,2,2,2,2,2,2,2,2,2,2,2,2,2,2,2,2,2,2,2,2,2,2,2,2,2,2,2,2,2,2,2,2,2,2,2,2,2,2,2,2,2,2,2,2,2,2,2,2,2,2,2,2,2,2,2,2,2,2,2,2,2,2,2,2,2,2,2,2,2,2,2,2,2,2,2,2,2,2,2,2,2,2,2,2,2,2,2,2,2,2,2,2,2,2,2,2,2,2,2,2,2,2,2,2,2,2,2,2,2,2,2,2,2,2,2,2,2,2,2,2,2,2,2,2,2,2,2,2,2,2,2,2,2,2,2,2,2,2,2,2,2,2,2,2,2,2,2,2,2,2,2,2,2,2,2,
2,2,2,2,2,2,2,2,2,2,2,2,2,2,2,2,2,2,2,2,2,2,2,2,2,2,2,2,2,2,2,2,2,2,2,2,2,2,2,2,2,2,2,2,2,2,2,2,2,2,2,2,2,2,2,2,2,2,2,2,2,2,2,2,2,2,2,2,2,2,2,2,2,2,2,2,2,2,2,2,2,2,2,2,2,2,2,2,2,2,2,2,2,2,2,2,2,2,2,2,2,2,2,2,2,2,2,2,2,2,2,2,2,2,2,2,2,2,2,2,2,2,2,2,2,2,2,2,2,2,2,2,2,2,2,2,2,2,2,2,2,2,2,2,2,2,2,2,2,2,2,2,2,2,2,2,2,2,2,2,2,2,2,2,2,2,2,2,2,2,2,2,2,2,2,2,2,2,2,2,2,2,2,2,2,2,2,2,2,2,2,
2,2,2,2,2,2,2,2,2,2,2,2,2,2,2,2,2,2,2,2,2,2,2,2,2,2,2,2,2,2,2,2,2,2,2,2,2,2,2,2,2,2,2,2,2,2,2,2,2,2,2,2,2,2,2,2,2,2,2,2,2,2,2,2,2,2,2,2,2,2,2,2,2,2,2,2,2,2,2,2,2,2,2,2,2,2,2,2,2,2,2,2,2,2,2,2,2,2,2,2,2,2,2,2,2,2,2,2,2,2,2,2,2,2,2,2,2,2,2,2,2,2,2,2,2,2,2,2,2,2,2,2,2,2,2,2,2,2,2,2,2,2,2,2,2,2,2,2,2,2,2,2,2,2,2,2,2,2,2,2,2,2,2,2,2,2,2,2,2,2,2,2,2,2,2,2,2,2,2,2,2,2,2,2,2,2,2,2,2,2,2,
2,2,2,2,2,2,2,2,2,2,2,2,2,2,2,2,2,2,2,2,2,2,2,2,2,2,2,2,2,2,2,2,2,2,2,2,2,2,2,2,2,2,2,2,2,2,2,2,2,2,2,2,2,2,2,2,2,2,2,2,2,2,2,2,2,2,2,2,2,2,2,2,2,2,2,2,2,2,2,2,2,2,2,2,2,2,2,2,2,2,2,2,2,2,2,2,2,2,2,2,2,2,2,2,2,2,2,2,2,2,2,2,2,2,2,2,2,2,2,2,2,2,2,2,2,2,2,2,2,2,2,2,2,2,2,2,2,2,2,2,2,2,2,2,2,2,2,2,2,2,2,2,2,2,2,2,2,2,2,2,2,2,2,2,2,2,2,2,2,2,2,2,2,2,2,2,2,2,2,2,2,2,2,2,2,2,2,2,2,2,2,
2,2,2,2,2,2,2,2,2,2,2,2,2,2,2,2,2,2,2,2,2,2,2,2,2,2,2,2,2,2,2,2,2,2,2,2,2,2,2,2,2,2,2,2,2,2,2,2,2,2,2,2,2,2,2,2,2,2,2,2,2,2,2,2,2,2,2,2,2,2,2,2,2,2,2,2,2,2,2,2,2,2,2,2,2,2,2,2,2,2,2,2,2,2,2,2,2,2,2,2,2,2,2,2,2,2,2,2,2,2,2,2,2,2,2,2,2,2,2,2,2,2,2,2,2,2,2,2,2,2,2,2,2,2,2,2,2,2,2,2,2,2,2,2,2,2,2,2,2,2,2,2,2,2,2,2,2,2,2,2,2,2,2,2,2,2,2,2,2,2,2,2,2,2,2,2,2,2,2,2,2,2,2,2,2,2,2,2,2,2,2,
2,2,2,2,2,2,2,2,2,2,2,2,2,2,2,2,2,2,2,2,2,2,2,2,2,2,2,2,2,2,2,2,2,2,2,2,2,2,2,2,2,2,2,2,2,2,2,2,2,2,2,2,2,2,2,2,2,2,2,2,2,2,2,2,2,2,2,2,2,2,2,2,2,2,2,2,2,2,2,2,2,2,2,2,2,2,2,2,2,2,2,2,2,2,2,2,2,2,2,2,2,2,2,2,2,2,2,2,2,2,2,2,2,2,2,2,2,2,2,2,2,2,2,2,2,2,2,2,2,2,2,2,2,2,2,2,2,2,2,2,2,2,2,2,2,2,2,2,2,2,2,2,2,2,2,2,2,2,2,2,2,2,2,2,2,2,2,2,2,2,2,2,2,2,2,2,2,2,2,2,2,2,2,2,2,2,2,2,2,2,2,
2,2,2,2,2,2,2,2,2,2,2,2,2,2,2,2,2,2,2,2,2,2,2,2,2,2,2,2,2,2,2,2,2,2,2,2,2,2,2,2,2,2,2,2,2,2,2,2,2,2,2,2,2,2,2,2,2,2,2,2,2,2,2,2,2,2,2,2,2,2,2,2,2,2,2,2,2,2,2,2,2,2,2,2,2,2,2,2,2,2,2,2,2,2,2,2,2,2,2,2,2,2,2,2,2,2,2,2,2,2,2,2,2,2,2,2,2,2,2,2,2,2,2,2,2,2,2,2,2,2,2,2,2,2,2,2,2,2,2,2,2,2,2,2,2,2,2,2,2,2,2,2,2,2,2,2,2,2,2,2,2,2,2,2,2,2,2,2,241,248,249,243,2,2,2,2,2,2,2,2,2,2,2,2,2,2,2,2,2,2,2,
2,2,2,2,2,2,2,2,2,2,2,2,2,2,2,2,2,2,2,2,2,2,2,2,2,2,2,2,2,2,2,2,2,2,2,2,2,2,2,2,2,2,2,2,2,2,2,2,2,2,2,2,2,2,2,2,2,2,2,2,2,2,2,2,2,2,2,2,2,2,2,2,2,2,2,2,2,2,2,2,2,2,2,2,2,2,2,2,2,2,2,2,2,2,2,2,2,2,2,2,2,2,2,2,2,2,2,2,2,2,2,2,2,2,2,2,2,2,2,2,2,2,2,2,2,2,2,2,2,2,2,2,2,2,2,2,2,2,2,2,2,2,2,2,2,2,2,2,2,2,2,2,2,2,2,2,2,2,2,2,2,2,2,2,2,2,2,2,257,293,294,259,2,2,2,2,2,2,2,2,2,2,2,2,2,2,2,2,2,2,2,
2,2,2,2,2,2,2,2,2,2,2,2,2,2,2,2,2,2,2,2,2,2,2,2,2,2,2,2,2,2,2,2,2,2,2,2,2,2,2,2,2,2,2,2,2,2,2,2,2,2,2,2,2,2,2,2,2,2,2,2,2,2,2,2,2,2,2,2,2,2,2,2,2,2,2,2,2,2,2,2,2,2,2,2,2,2,2,2,2,2,2,2,2,2,2,2,2,2,2,2,2,2,2,2,2,2,2,2,2,241,242,242,248,249,306,276,242,242,243,2,2,2,2,2,2,2,2,2,2,2,2,2,2,2,2,2,2,2,2,241,276,280,281,243,260,306,246,306,243,2,2,2,2,2,2,2,2,2,2,2,2,2,2,2,2,2,2,2,257,293,294,324,2,2,2,2,2,2,2,2,2,2,2,2,2,2,2,2,2,2,2,
2,2,2,2,2,2,2,2,2,2,2,2,2,2,2,2,2,2,2,2,2,2,2,2,2,2,2,2,2,2,2,2,2,2,2,2,2,2,2,2,2,2,2,2,2,2,2,2,2,2,2,2,2,2,2,2,2,2,2,2,2,2,2,2,2,2,2,2,2,2,2,2,2,2,2,2,2,2,2,2,2,2,2,2,2,2,2,2,2,2,2,2,2,2,2,2,2,2,2,2,2,2,2,2,2,2,2,2,2,257,258,258,258,258,258,258,258,294,259,2,2,2,2,2,2,2,2,2,2,2,2,2,2,2,2,2,2,2,2,257,293,294,294,259,293,294,293,294,279,2,2,2,2,2,2,2,2,2,2,2,2,2,2,2,2,2,2,2,353,293,294,259,2,2,2,2,2,2,2,2,2,2,2,2,2,2,2,2,2,2,2,
2,2,2,2,2,2,2,2,2,2,2,2,2,2,2,2,2,2,2,2,2,2,152,197,153,178,153,198,154,2,2,2,2,2,2,2,2,2,2,2,2,2,2,2,2,2,2,2,2,2,152,153,178,153,153,199,154,2,2,2,2,2,2,2,2,2,2,2,2,2,2,2,2,2,2,2,2,2,152,199,178,188,152,153,203,199,180,154,2,2,2,2,2,2,2,2,2,2,2,2,2,2,2,2,2,2,2,2,2,257,258,258,258,258,258,258,258,294,321,2,2,2,2,2,2,2,2,2,2,2,2,2,2,2,2,2,2,2,2,257,293,290,290,259,293,294,293,294,260,2,2,2,2,2,2,2,2,2,2,2,2,2,2,2,2,2,2,2,257,293,294,259,2,2,2,2,2,2,2,2,2,2,2,2,2,2,2,2,2,2,2,
2,2,2,2,2,2,2,2,2,2,2,2,2,2,2,2,2,2,2,2,2,2,168,213,200,235,201,214,170,2,2,2,2,2,2,2,2,2,2,2,2,2,2,2,2,2,2,2,2,2,168,169,235,202,169,215,170,2,2,2,2,2,2,2,2,2,2,2,2,2,2,2,2,2,2,2,2,2,168,215,235,202,168,169,219,215,204,170,2,2,2,2,2,2,2,2,2,2,2,2,2,2,2,2,2,2,2,2,2,257,258,241,276,295,242,247,243,294,259,2,2,2,2,2,2,2,2,2,2,2,2,2,2,2,2,2,2,2,2,353,293,294,294,260,242,276,295,242,243,2,2,2,2,2,2,2,2,2,2,2,2,2,2,2,2,2,2,2,257,293,294,324,2,2,2,2,2,2,2,2,2,2,2,2,2,2,2,2,2,2,2,
2,2,2,2,2,2,2,2,2,2,2,2,2,2,2,2,2,2,2,2,2,2,168,169,216,169,216,169,170,2,2,2,2,2,2,2,2,2,2,2,2,2,2,2,2,2,2,2,2,2,168,169,169,216,169,169,170,2,2,2,2,2,2,2,2,2,2,2,2,2,2,2,2,2,2,2,2,2,188,169,169,216,168,169,169,169,169,170,2,2,2,2,2,2,2,2,2,2,2,2,2,2,2,2,2,2,2,2,2,257,258,257,258,258,293,294,259,294,279,2,2,2,2,2,2,2,2,2,2,2,2,2,2,2,2,2,2,2,2,257,293,294,294,293,294,293,293,294,324,2,2,2,2,2,2,2,2,2,2,2,2,2,2,2,2,2,2,2,353,293,294,259,2,2,2,2,2,2,2,2,2,2,2,2,2,2,2,2,2,2,2,
2,2,2,2,2,2,2,2,2,2,2,2,2,2,2,2,2,2,2,2,2,2,168,169,169,169,169,169,170,2,2,2,2,2,2,2,2,2,2,2,2,2,2,2,2,2,2,2,2,2,168,220,169,169,169,169,170,2,2,2,2,2,2,2,2,2,2,2,2,2,2,2,2,2,2,2,2,2,152,153,6,153,188,169,232,233,234,170,2,2,2,2,2,2,2,2,2,2,2,2,2,2,2,2,2,2,2,2,2,257,258,257,290,290,293,294,259,294,279,2,2,2,2,2,2,2,2,2,2,2,2,2,2,2,2,2,2,2,2,273,245,293,294,293,294,293,293,290,259,2,2,2,2,2,2,2,2,2,2,2,2,2,2,2,2,2,2,2,257,293,294,259,2,2,2,2,2,2,2,2,2,2,2,2,2,2,2,2,2,2,2,
2,2,2,2,2,2,2,2,2,2,2,2,2,2,2,2,2,2,2,2,2,2,168,169,169,169,169,220,170,2,2,2,2,2,2,2,2,2,2,2,2,2,2,2,2,2,2,2,2,2,168,220,169,169,169,169,170,2,2,2,2,2,2,2,2,2,2,2,2,2,2,2,2,2,2,2,2,2,168,169,169,169,169,169,169,169,169,170,2,2,2,2,2,2,2,2,2,2,2,2,2,2,2,2,2,2,2,2,2,257,258,257,258,258,293,294,321,294,259,2,2,2,2,2,2,2,2,2,2,2,2,2,2,2,2,2,2,2,2,2,257,293,294,244,274,245,293,290,259,2,2,2,2,2,2,2,2,2,2,2,2,2,2,2,2,2,2,2,257,293,294,324,2,2,2,2,2,2,2,2,2,2,2,2,2,2,2,2,2,2,2,
2,2,2,2,2,2,2,2,2,2,2,2,2,2,2,2,2,2,2,2,2,2,168,169,169,169,220,204,170,2,2,2,2,2,2,2,2,2,2,2,2,2,2,2,2,2,2,2,2,2,168,204,169,169,169,169,170,2,2,2,2,2,2,2,2,2,2,2,2,2,2,2,2,2,2,2,2,2,168,235,229,230,235,169,169,169,169,196,2,2,2,2,2,2,2,2,2,2,2,2,2,2,2,2,2,2,2,2,2,278,258,257,258,290,290,294,259,294,259,2,2,2,2,2,2,2,2,2,2,2,2,2,2,2,2,2,2,2,2,2,257,293,290,259,2,257,293,294,259,2,2,2,2,2,2,2,2,2,2,2,2,2,2,2,2,2,2,2,353,293,294,259,2,2,2,2,2,2,2,2,2,2,2,2,2,2,2,2,2,2,2,
2,2,2,2,2,2,2,2,2,2,2,2,2,2,2,2,2,2,2,2,2,2,184,103,104,185,185,185,186,2,2,2,2,2,2,2,2,2,2,2,2,2,2,2,2,2,2,2,2,2,184,185,185,103,104,185,186,2,2,2,2,2,2,2,2,2,2,2,2,2,2,2,2,2,2,2,2,2,168,220,235,235,169,169,169,169,220,170,2,2,2,2,2,2,2,2,2,2,2,2,2,2,2,2,2,2,2,2,2,278,258,257,258,293,294,244,275,294,321,2,2,2,2,2,2,2,2,2,2,2,2,2,2,2,2,2,2,2,2,2,278,293,290,259,2,273,277,277,275,2,2,2,2,2,2,2,2,2,2,2,2,2,2,2,2,2,2,2,257,293,294,259,2,2,2,2,2,2,2,2,2,2,2,2,2,2,2,2,2,2,2,
2,2,2,2,2,2,2,2,2,2,2,2,2,2,2,2,2,2,2,2,2,2,2,2,2,2,2,2,2,2,2,2,2,2,2,2,2,2,2,2,2,2,2,2,2,2,2,2,2,2,2,2,2,2,2,2,2,2,2,2,2,2,2,2,2,2,2,2,2,2,2,2,2,2,2,2,2,2,184,185,185,185,103,104,185,185,185,186,2,2,2,2,2,2,2,2,2,2,2,2,2,2,2,2,2,2,2,2,2,257,258,257,293,293,294,259,258,294,259,2,2,2,2,2,2,2,2,2,2,2,2,2,2,2,2,2,2,2,2,2,257,293,294,324,2,2,2,2,2,2,2,2,2,2,2,2,2,2,2,2,2,2,2,2,2,2,2,2,257,293,294,324,2,2,2,2,2,2,2,2,2,2,2,2,2,2,2,2,2,2,2,
2,2,2,2,2,2,2,2,2,2,2,2,2,2,2,2,2,2,2,2,2,2,2,2,2,2,2,2,2,2,2,2,2,2,2,2,2,2,2,2,2,2,2,2,2,2,2,2,2,2,2,2,2,2,2,2,2,2,2,2,2,2,2,2,2,2,2,2,2,2,2,2,2,2,2,2,2,2,2,2,2,2,2,2,2,2,2,2,2,2,2,2,2,2,2,2,2,2,2,2,2,2,2,2,2,2,2,2,2,257,258,257,258,252,253,259,258,294,259,2,2,2,2,2,2,2,2,2,2,2,2,2,2,2,2,2,2,2,2,2,257,293,294,259,2,2,2,2,2,2,2,2,2,2,2,2,2,2,2,2,2,2,2,2,2,2,2,2,353,293,294,259,2,2,2,2,2,2,2,2,2,2,2,2,2,2,2,2,2,2,2,
2,2,2,2,2,2,2,2,2,2,2,2,2,2,2,2,2,2,2,2,2,2,2,2,2,2,2,2,2,2,2,2,2,2,2,2,2,2,2,2,2,2,2,2,2,2,2,2,2,2,2,2,2,2,2,2,2,2,2,2,2,2,2,2,2,2,2,2,2,2,2,2,2,2,2,2,2,2,2,2,2,2,2,2,2,2,2,2,2,2,2,2,2,2,2,2,2,2,2,2,2,2,2,2,2,2,2,2,2,273,245,273,274,296,297,275,244,277,275,2,2,2,2,2,2,2,2,2,2,2,2,2,2,2,2,2,2,2,2,2,273,296,297,275,2,2,2,2,2,2,2,2,2,2,2,2,2,2,2,2,2,2,2,2,2,2,2,2,257,293,294,259,2,2,2,2,2,2,2,2,2,2,2,2,2,2,2,2,2,2,2,
2,2,2,2,2,2,2,2,2,2,2,2,2,2,2,2,2,2,2,2,2,2,2,2,2,2,2,2,2,2,2,2,2,2,2,2,2,2,2,2,2,2,2,2,2,2,2,2,2,2,2,2,2,2,2,2,2,2,2,2,2,2,2,2,2,2,2,2,2,2,2,2,2,2,2,2,2,2,2,2,2,2,2,2,2,2,2,2,2,2,2,2,2,2,2,2,2,2,2,2,2,2,2,2,2,2,2,2,2,2,2,2,2,2,2,2,2,2,2,2,2,2,2,2,2,2,2,2,2,2,2,2,2,2,2,2,2,2,2,2,2,2,2,2,2,2,2,2,2,2,2,2,2,2,2,2,2,2,2,2,2,2,2,2,2,2,2,2,257,293,294,259,2,2,2,2,2,2,2,2,2,2,2,2,2,2,2,2,2,2,2,
2,2,2,2,2,2,2,2,2,2,2,2,2,2,2,2,2,2,2,2,2,2,2,2,2,2,2,2,2,2,2,2,2,2,2,2,2,2,2,2,2,2,2,2,2,2,2,2,2,2,2,2,2,2,2,2,2,2,2,2,2,2,2,2,2,2,2,2,2,2,2,2,2,2,2,2,2,2,2,2,2,2,2,2,2,2,2,2,2,2,2,2,2,2,2,2,2,2,2,2,2,2,2,2,2,2,2,2,2,2,2,2,2,2,2,2,2,2,2,2,2,2,2,2,2,2,2,2,2,2,2,2,2,2,2,2,2,2,2,2,2,2,2,2,2,2,2,2,2,2,2,2,2,2,2,2,2,2,2,2,2,2,2,2,2,2,2,2,273,296,297,275,2,2,2,2,2,2,2,2,2,2,2,2,2,2,2,2,2,2,2,
2,2,2,2,2,2,2,2,2,2,2,2,2,2,2,2,2,2,2,2,2,2,2,2,2,2,2,2,2,2,2,2,2,2,2,2,2,2,2,2,2,2,2,2,2,2,2,2,2,2,2,2,2,2,2,2,2,2,2,2,2,2,2,2,2,2,2,2,2,2,2,2,2,2,2,2,2,2,2,2,2,2,2,2,2,2,2,2,2,2,2,2,2,2,2,2,2,2,2,2,2,2,2,2,2,2,2,2,2,2,2,2,2,2,2,2,2,2,2,2,2,2,2,2,2,2,2,2,2,2,2,2,2,2,2,2,2,2,2,2,2,2,2,2,2,2,2,2,2,2,2,2,2,2,2,2,2,2,2,2,2,2,2,2,2,2,2,2,2,2,2,2,2,2,2,2,2,2,2,2,2,2,2,2,2,2,2,2,2,2,2,
2,2,2,2,2,2,2,2,2,2,2,2,2,2,2,2,2,2,2,2,2,2,2,2,2,2,2,2,2,2,2,2,2,2,2,2,2,2,2,2,2,2,2,2,2,2,2,2,2,2,2,2,2,2,2,2,2,2,2,2,2,2,2,2,2,2,2,2,2,2,2,2,2,2,2,2,2,2,2,2,2,2,2,2,2,2,2,2,2,2,2,2,2,2,2,2,2,2,2,2,2,2,2,2,2,2,2,2,2,2,2,2,2,2,2,2,2,2,2,2,2,2,2,2,2,2,2,2,2,2,2,2,2,2,2,2,2,2,2,2,2,2,2,2,2,2,2,2,2,2,2,2,2,2,2,2,2,2,2,2,2,2,2,2,2,2,2,2,2,2,2,2,2,2,2,2,2,2,2,2,2,2,2,2,2,2,2,2,2,2,2,
2,2,2,2,2,2,2,2,2,2,2,2,2,2,2,2,2,2,2,2,2,2,2,2,2,2,2,2,2,2,2,2,2,2,2,2,2,2,2,2,2,2,2,2,2,2,2,2,2,2,2,2,2,2,2,2,2,2,2,2,2,2,2,2,2,2,2,2,2,2,2,2,2,2,2,2,2,2,2,2,2,2,2,2,2,2,2,2,2,2,2,2,2,2,2,2,2,2,2,2,2,2,2,2,2,2,2,2,2,2,2,2,2,2,2,2,2,2,2,2,2,2,2,2,2,2,2,2,2,2,2,2,2,2,2,2,2,2,2,2,2,2,2,2,2,2,2,2,2,2,2,2,2,2,2,2,2,2,2,2,2,2,2,2,2,2,2,2,2,2,2,2,2,2,2,2,2,2,2,2,2,2,2,2,2,2,2,2,2,2,2,
2,2,2,2,2,2,2,2,2,2,2,2,2,2,2,2,2,2,2,2,2,2,2,2,2,2,2,2,2,2,2,2,2,2,2,2,2,2,2,2,2,2,2,2,2,2,2,2,2,2,2,2,2,2,2,2,2,2,2,2,2,2,2,2,2,2,2,2,2,2,2,2,2,2,2,2,2,2,2,2,2,2,2,2,2,2,2,2,2,2,2,2,2,2,2,2,2,2,2,2,2,2,2,2,2,2,2,2,2,2,2,2,2,2,2,2,2,2,2,2,2,2,2,2,2,2,2,2,2,2,2,2,2,2,2,2,2,2,2,2,2,2,2,2,2,2,2,2,2,2,2,2,2,2,2,2,2,2,2,2,2,2,2,2,2,2,2,2,2,2,2,2,2,2,2,2,2,2,2,2,2,2,2,2,2,2,2,2,2,2,2,
2,2,2,2,2,2,2,2,2,2,2,2,2,2,2,2,2,2,2,2,2,2,2,2,2,2,2,2,2,2,2,2,2,2,2,2,2,2,2,2,2,2,2,2,2,2,2,2,2,2,2,2,2,2,2,2,2,2,2,2,2,2,2,2,2,2,2,2,2,2,2,2,2,2,2,2,2,2,2,2,2,2,2,2,2,2,2,2,2,2,2,2,2,2,2,2,2,2,2,2,2,2,2,2,2,2,2,2,2,2,2,2,2,2,2,2,2,2,2,2,2,2,2,2,2,2,2,2,2,2,2,2,2,2,2,2,2,2,2,2,2,2,2,2,2,2,2,2,2,2,2,2,2,2,2,2,2,2,2,2,2,2,2,2,2,2,2,2,2,2,2,2,2,2,2,2,2,2,2,2,2,2,2,2,2,2,2,2,2,2,2,
2,2,2,2,2,2,2,2,2,2,2,2,2,2,2,2,2,2,2,2,2,2,2,2,2,2,2,2,2,2,2,2,2,2,2,2,2,2,2,2,2,2,2,2,2,2,2,2,2,2,2,2,2,2,2,2,2,2,2,2,2,2,2,2,2,2,2,2,2,2,2,2,2,2,2,2,2,2,2,2,2,2,2,2,2,2,2,2,2,2,2,2,2,2,2,2,2,2,2,2,2,2,2,2,2,2,2,2,2,2,2,2,2,2,2,2,2,2,2,2,2,2,2,2,2,2,2,2,2,2,2,2,2,2,2,2,2,2,2,2,2,2,2,2,2,2,2,2,2,2,2,2,2,2,2,2,2,2,2,2,2,2,2,2,2,2,2,2,2,2,2,2,2,2,2,2,2,2,2,2,2,2,2,2,2,2,2,2,2,2,2,
2,2,2,2,2,2,2,2,2,2,2,2,2,2,2,2,2,2,2,2,2,2,2,2,2,2,2,2,2,2,2,2,2,2,2,2,2,2,2,2,2,2,2,2,2,2,2,2,2,2,2,2,2,2,2,2,2,2,2,2,2,2,2,2,2,2,2,2,2,2,2,2,2,2,2,2,2,2,2,2,2,2,2,2,2,2,2,2,2,2,2,2,2,2,2,2,2,2,2,2,2,2,2,2,2,2,2,2,2,2,2,2,2,2,2,2,2,2,2,2,2,2,2,2,2,2,2,2,2,2,2,2,2,2,2,2,2,2,2,2,2,2,2,2,2,2,2,2,2,2,2,2,2,2,2,2,2,2,2,2,2,2,2,2,2,2,2,2,2,2,2,2,2,2,2,2,2,2,2,2,2,2,2,2,2,2,2,2,2,2,2,
2,2,2,2,2,2,2,2,2,2,2,2,2,2,2,2,2,2,2,2,2,2,2,2,2,2,2,2,2,2,2,2,2,2,2,2,2,2,2,2,2,2,2,2,2,2,2,2,2,2,2,2,2,2,2,2,2,2,2,2,2,2,2,2,2,2,2,2,2,2,2,2,2,2,2,2,2,2,2,2,2,2,2,2,2,2,2,2,2,2,2,2,2,2,2,2,2,2,2,2,2,2,2,2,2,2,2,2,2,2,2,2,2,2,2,2,2,2,2,2,2,2,2,2,2,2,2,2,2,2,2,2,2,2,2,2,2,2,2,2,2,2,2,2,2,2,2,2,2,2,2,2,2,2,2,2,2,2,2,2,2,2,2,2,2,2,2,2,2,2,2,2,2,2,2,2,2,2,2,2,2,2,2,2,2,2,2,2,2,2,2,
2,2,2,2,2,2,2,2,2,2,2,2,2,2,2,2,2,2,2,2,2,2,2,2,2,2,2,2,2,2,2,2,2,2,2,2,2,2,2,2,2,2,2,2,2,2,2,2,2,2,2,2,2,2,2,2,2,2,2,2,2,2,2,2,2,2,2,2,2,2,2,2,2,2,2,2,2,2,2,2,2,2,2,2,2,2,2,2,2,2,2,2,2,2,2,2,2,2,2,2,2,2,2,2,2,2,2,2,2,2,2,2,2,2,2,2,2,2,2,2,2,2,2,2,2,2,2,2,2,2,2,2,2,2,2,2,2,2,2,2,2,2,2,2,2,2,2,2,2,2,2,2,2,2,2,2,2,2,2,2,2,2,2,2,2,2,2,2,2,2,2,2,2,2,2,2,2,2,2,2,2,2,2,2,2,2,2,2,2,2,2,
2,2,2,2,2,2,2,2,2,2,2,2,2,2,2,2,2,2,2,2,2,2,2,2,2,2,2,2,2,2,2,2,2,2,2,2,2,2,2,2,2,2,2,2,2,2,2,2,2,2,2,2,2,2,2,2,2,2,2,2,2,2,2,2,2,2,2,2,2,2,2,2,2,2,2,2,2,2,2,2,2,2,2,2,2,2,2,2,2,2,2,2,2,2,2,2,2,2,2,2,2,2,2,2,2,2,2,2,2,2,2,2,2,2,2,2,2,2,2,2,2,2,2,2,2,2,2,2,2,2,2,2,2,2,2,2,2,2,2,2,2,2,2,2,2,2,2,2,2,2,2,2,2,2,2,2,2,2,2,2,2,2,2,2,2,2,2,2,2,2,2,2,2,2,2,2,2,2,2,2,2,2,2,2,2,2,2,2,2,2,2,
2,2,2,2,2,2,2,2,2,2,2,2,2,2,2,2,2,2,2,2,2,2,2,2,2,2,2,2,2,2,2,2,2,2,2,2,2,2,2,2,2,2,2,2,2,2,2,2,2,2,2,2,2,2,2,2,2,2,2,2,2,2,2,2,2,2,2,2,2,2,2,2,2,2,2,2,2,2,2,2,2,2,2,2,2,2,2,2,2,2,2,2,2,2,2,2,2,2,2,2,2,2,2,2,2,2,2,2,2,2,2,2,2,2,2,2,2,2,2,2,2,2,2,2,2,2,2,2,2,2,2,2,2,2,2,2,2,2,2,2,2,2,2,2,2,2,2,2,2,2,2,2,2,2,2,2,2,2,2,2,2,2,2,2,2,2,2,2,2,2,2,2,2,2,2,2,2,2,2,2,2,2,2,2,2,2,2,2,2,2,2,
2,2,2,2,2,2,2,2,2,2,2,2,2,2,2,2,2,2,2,2,2,2,2,2,2,2,2,2,2,2,2,2,2,2,2,2,2,2,2,2,2,2,2,2,2,2,2,2,2,2,2,2,2,2,2,2,2,2,2,2,2,2,2,2,2,2,2,2,2,2,2,2,2,2,2,2,2,2,2,2,2,2,2,2,2,2,2,2,2,2,2,2,2,2,2,2,2,2,2,2,2,2,2,2,2,2,2,2,2,2,2,2,2,2,2,2,2,2,2,2,2,2,2,2,2,2,2,2,2,2,2,2,2,2,2,2,2,2,2,2,2,2,2,2,2,2,2,2,2,2,2,2,2,2,2,2,2,2,2,2,2,2,2,2,2,2,2,2,2,2,2,2,2,2,2,2,2,2,2,2,2,2,2,2,2,2,2,2,2,2,2,
2,2,2,2,2,2,2,2,2,2,2,2,2,2,2,2,2,2,2,2,2,2,2,2,2,2,2,2,2,2,2,2,2,2,2,2,2,2,2,2,2,2,2,2,2,2,2,2,2,2,2,2,2,2,2,2,2,2,2,2,2,2,2,2,2,2,2,2,2,2,2,2,2,2,2,2,2,2,2,2,2,2,2,2,2,2,2,2,2,2,2,2,2,2,2,2,2,2,2,2,2,2,2,2,2,2,2,2,2,2,2,2,2,2,2,2,2,2,2,2,2,2,2,2,2,2,2,2,2,2,2,2,2,2,2,2,2,2,2,2,2,2,2,2,2,2,2,2,2,2,2,2,2,2,2,2,2,2,2,2,2,2,2,2,2,2,2,2,2,2,2,2,2,2,2,2,2,2,2,2,2,2,2,2,2,2,2,2,2,2,2,
2,2,2,2,2,2,2,2,2,2,2,2,2,2,2,2,2,2,2,2,2,2,2,2,2,2,2,2,2,2,2,2,2,2,2,2,2,2,2,2,2,2,2,2,2,2,2,2,2,2,2,2,2,2,2,2,2,2,2,2,2,2,2,2,2,2,2,2,2,2,2,2,2,2,2,2,2,2,2,2,2,2,2,2,2,2,2,2,2,2,2,2,2,2,2,2,2,2,2,2,2,2,2,2,2,2,2,2,2,2,2,2,2,2,2,2,2,2,2,2,2,2,2,2,2,2,2,2,2,2,2,2,2,2,2,2,2,2,2,2,2,2,2,2,2,2,2,2,2,2,2,2,2,2,2,2,2,2,2,2,2,2,2,2,2,2,2,2,2,2,2,2,2,2,2,2,2,2,2,2,2,2,2,2,2,2,2,2,2,2,2,
2,2,2,2,2,2,2,2,2,2,2,2,2,2,2,2,2,2,2,2,2,2,2,2,2,2,2,2,2,2,2,2,2,2,2,2,2,2,2,2,2,2,2,2,2,2,2,2,2,2,2,2,2,2,2,2,2,2,2,2,2,2,2,2,2,2,2,2,2,2,2,2,2,2,2,2,2,2,2,2,2,2,2,2,2,2,2,2,2,2,2,2,2,2,2,2,2,2,2,2,2,2,2,2,2,2,2,2,2,2,2,2,2,2,2,2,2,2,2,2,2,2,2,2,2,2,2,2,2,2,2,2,2,2,2,2,2,2,2,2,2,2,2,2,2,2,2,2,2,2,2,2,2,2,2,2,2,2,2,2,2,2,2,2,2,2,2,2,2,2,2,2,2,2,2,2,2,2,2,2,2,2,2,2,2,2,2,2,2,2,2,
2,2,2,2,2,2,2,2,2,2,2,2,2,2,2,2,2,2,2,2,2,2,2,2,2,2,2,2,2,2,2,2,2,2,2,2,2,2,2,2,2,2,2,2,2,2,2,2,2,2,2,2,2,2,2,2,2,2,2,2,2,2,2,2,2,2,2,2,2,2,2,2,2,2,2,2,2,2,2,2,2,2,2,2,2,2,2,2,2,2,2,2,2,2,2,2,2,2,2,2,2,2,2,2,2,2,2,2,2,2,2,2,2,2,2,2,2,2,2,2,2,2,2,2,2,2,2,2,2,2,2,2,2,2,2,2,2,2,2,2,2,2,2,2,2,2,2,2,2,2,2,2,2,2,2,2,2,2,2,2,2,2,2,2,2,2,2,2,2,2,2,2,2,2,2,2,2,2,2,2,2,2,2,2,2,2,2,2,2,2,2,
2,2,2,2,2,2,2,2,2,2,2,2,2,2,2,2,2,2,2,2,2,2,2,2,2,2,2,2,2,2,2,2,2,2,2,2,2,2,2,2,2,2,2,2,2,2,2,2,2,2,2,2,2,2,2,2,2,2,2,2,2,2,2,2,2,2,2,2,2,2,2,2,2,2,2,2,2,2,2,2,2,2,2,2,2,2,2,2,2,2,2,2,2,2,2,2,2,2,2,2,2,2,2,2,2,2,2,2,2,2,2,2,2,2,2,2,2,2,2,2,2,2,2,2,2,2,2,2,2,2,2,2,2,2,2,2,2,2,2,2,2,2,2,2,2,2,2,2,2,2,2,2,2,2,2,2,2,2,2,2,2,2,2,2,2,2,2,2,2,2,2,2,2,2,2,2,2,2,2,2,2,2,2,2,2,2,2,2,2,2,2,
2,2,2,2,2,2,2,2,2,2,2,2,2,2,2,2,2,2,2,2,2,2,2,2,2,2,2,2,2,2,2,2,2,2,2,2,2,2,2,2,2,2,2,2,2,2,2,2,2,2,2,2,2,2,2,2,2,2,2,2,2,2,2,2,2,2,2,2,2,2,2,2,2,2,2,2,2,2,2,2,2,2,2,2,2,2,2,2,2,2,2,2,2,2,2,2,2,2,2,2,2,2,2,2,2,2,2,2,2,2,2,2,2,2,2,2,2,2,2,2,2,2,2,2,2,2,2,2,2,2,2,2,2,2,2,2,2,2,2,2,2,2,2,2,2,2,2,2,2,2,2,2,2,2,2,2,2,2,2,2,2,2,2,2,2,2,2,2,2,2,2,2,2,2,2,2,2,2,2,2,2,2,2,2,2,2,2,2,2,2,2,
2,2,2,2,2,2,2,2,2,2,2,2,2,2,2,2,2,2,2,2,2,2,2,2,2,2,2,2,2,2,2,2,2,2,2,2,2,2,2,2,2,2,2,2,2,2,2,2,2,2,2,2,2,2,2,2,2,2,2,2,2,2,2,2,2,2,2,2,2,2,2,2,2,2,2,2,2,2,2,2,2,2,2,2,2,2,2,2,2,2,2,2,2,13,12,13,12,13,12,13,12,13,12,13,12,13,12,13,12,13,12,13,12,13,12,13,12,13,12,13,12,13,12,13,12,13,12,13,12,13,12,13,12,13,12,13,12,13,12,13,12,13,12,13,12,13,12,13,12,13,12,13,12,13,12,13,12,13,12,13,12,13,12,13,12,13,12,13,27,79,192,132,132,132,132,132,132,132,132,132,132,132,132,132,132,132,132,132,132,132,132,
2,2,2,2,2,2,2,2,2,2,2,2,2,2,2,2,2,2,2,2,2,2,2,2,2,2,2,2,2,2,2,2,2,2,2,2,2,2,2,2,2,2,2,2,2,2,2,2,152,153,153,153,87,88,154,2,2,2,2,2,2,2,2,2,2,2,2,2,2,152,199,178,153,153,153,203,199,180,154,2,2,2,2,2,2,2,2,2,2,2,2,2,2,12,13,12,13,12,13,12,13,12,13,12,13,12,13,12,13,12,13,12,13,12,13,12,13,12,13,12,13,12,13,12,13,12,13,12,13,12,13,12,13,12,13,12,13,12,13,12,13,12,13,12,13,12,13,12,13,12,13,12,13,12,13,12,13,12,13,12,13,12,13,12,13,12,13,12,11,79,192,132,132,132,132,132,132,132,132,132,132,132,132,132,132,132,132,132,132,132,132,
2,2,2,2,2,2,2,2,2,2,2,2,2,2,2,2,2,2,2,2,2,2,2,152,203,153,178,153,199,154,2,2,2,2,2,2,2,2,2,2,2,2,2,2,2,2,2,2,168,202,235,169,169,169,170,2,2,2,2,2,2,2,2,2,2,2,2,2,2,168,215,235,202,217,169,219,215,204,170,2,2,2,2,2,2,2,2,2,2,2,2,2,2,13,12,13,12,13,12,13,12,13,12,13,12,13,12,13,12,13,12,13,12,13,12,13,12,13,12,13,12,13,12,13,12,13,12,13,12,13,12,13,12,13,12,13,12,13,12,13,12,13,12,13,12,13,12,13,12,13,12,13,12,13,12,13,12,13,12,13,12,13,12,13,12,13,12,13,27,79,192,132,132,132,132,132,132,132,132,132,132,132,132,132,132,132,132,132,132,132,132,
2,2,2,2,2,2,2,2,2,2,2,2,2,2,2,2,2,2,2,2,2,2,2,168,219,218,235,202,215,170,2,2,2,2,2,2,2,2,2,2,2,2,2,2,2,2,2,2,168,216,169,169,169,169,196,2,2,2,2,2,2,2,2,2,2,2,2,2,2,168,217,217,216,217,169,169,169,169,170,2,2,2,2,2,2,2,2,2,2,2,2,2,2,12,13,12,13,12,13,12,13,12,13,12,13,12,13,12,13,12,13,12,13,12,13,12,13,12,13,12,13,12,13,12,13,12,13,12,13,12,13,12,13,12,13,12,13,12,13,12,13,12,13,12,13,12,13,12,13,12,13,12,13,12,13,12,13,12,13,12,13,12,13,12,13,12,13,12,11,79,192,132,132,132,132,132,132,132,132,132,132,132,132,132,132,132,132,132,132,132,132,
2,2,2,2,2,2,2,2,2,2,2,2,2,2,2,2,2,2,2,2,2,2,2,168,169,218,169,216,169,170,2,2,2,2,2,2,2,2,2,2,2,2,2,2,2,2,2,2,168,169,169,169,169,169,170,2,2,2,2,2,2,2,2,2,2,2,2,2,2,168,217,217,217,217,169,232,233,234,170,2,2,2,2,2,2,2,2,2,2,2,2,2,2,13,12,13,12,13,12,13,12,13,12,13,12,13,12,13,12,13,12,13,12,13,12,13,12,13,12,13,12,13,12,13,12,13,12,13,12,13,12,13,12,13,12,13,12,13,12,13,12,13,12,13,12,13,12,13,12,13,12,13,12,13,12,13,12,13,12,13,12,13,12,13,12,13,12,13,27,79,192,132,132,132,132,132,132,132,132,132,132,132,132,132,132,132,132,132,132,132,132,
2,2,2,2,2,2,2,2,2,2,2,2,2,2,2,2,2,2,2,2,2,2,2,168,169,169,169,169,169,170,2,2,2,2,2,2,2,2,2,2,2,2,2,2,2,2,2,2,168,169,169,169,169,220,170,2,2,2,2,2,2,2,2,2,2,2,2,2,2,168,169,169,169,169,169,169,169,169,170,2,2,2,2,2,2,2,2,2,2,2,2,2,2,12,13,12,13,12,13,12,13,12,13,12,13,12,13,12,13,12,13,12,13,12,13,12,13,12,13,12,13,12,13,12,13,12,13,12,13,12,13,12,13,12,13,12,13,12,13,12,13,12,13,12,13,12,13,12,13,12,13,12,13,12,13,12,13,12,13,12,13,12,13,12,13,12,13,12,11,79,192,132,132,132,132,132,132,132,132,132,132,132,132,132,132,132,132,132,132,132,132,
2,2,2,2,2,2,2,2,2,2,2,2,2,2,2,2,2,2,2,2,2,2,2,168,220,169,169,169,218,170,2,2,2,2,2,2,2,2,2,2,2,2,2,2,2,2,2,2,168,169,169,169,220,204,170,2,2,2,2,2,2,2,2,2,2,2,2,2,2,168,235,229,230,235,169,169,169,169,196,2,2,2,2,2,2,2,2,2,2,2,2,2,2,13,12,13,12,13,12,13,12,13,12,13,12,13,12,13,12,13,12,13,12,13,12,13,12,13,12,13,12,13,12,13,12,13,12,13,12,13,12,13,12,13,12,13,12,13,12,13,12,13,12,13,12,13,12,13,12,13,12,13,12,13,12,13,12,13,12,13,12,13,12,13,12,13,12,13,27,79,192,132,132,132,132,132,132,132,132,132,132,132,132,132,132,132,132,132,132,132,132,
2,2,2,2,2,2,2,2,2,2,2,2,2,2,2,2,2,2,2,2,2,2,2,168,204,220,169,218,218,170,2,2,2,2,2,2,2,2,2,2,2,2,2,2,2,2,2,2,184,103,104,185,185,185,186,2,2,2,2,2,2,2,2,2,2,2,2,2,2,168,220,235,235,169,169,169,169,220,170,2,2,2,2,2,2,2,2,2,2,2,2,2,2,12,13,12,13,12,13,12,13,12,13,12,13,12,13,12,13,12,13,12,13,12,13,12,13,12,13,12,13,12,13,12,13,12,13,12,13,12,13,12,13,12,13,12,13,12,13,12,13,12,13,12,13,12,13,12,13,12,13,12,13,12,13,12,13,12,13,12,13,12,13,12,13,12,13,12,11,79,192,132,132,132,132,132,132,132,132,132,132,132,132,132,132,132,132,132,132,132,132,
2,2,2,2,2,2,2,2,2,2,2,2,2,2,2,2,2,2,2,2,2,2,2,184,185,185,185,103,104,186,2,2,2,2,2,2,2,2,2,2,2,2,2,2,2,2,2,2,2,2,2,2,2,2,2,2,2,2,2,2,2,2,2,2,2,2,2,2,2,184,185,185,185,103,104,185,185,185,186,2,2,2,2,2,2,2,2,2,2,2,2,2,2,13,12,13,12,13,12,13,12,13,12,13,12,13,12,13,12,13,12,13,12,13,12,13,12,13,12,13,12,13,12,13,12,13,12,13,12,13,12,13,12,13,12,13,12,13,12,13,12,13,12,13,12,13,12,13,12,13,12,13,12,13,12,13,12,13,12,13,12,13,12,13,12,13,12,13,27,79,192,132,132,132,132,132,132,132,132,132,132,132,132,132,132,132,132,132,132,132,132,
2,2,2,2,2,2,2,2,2,2,2,2,2,2,2,2,2,2,2,2,2,2,2,2,2,2,2,2,2,2,2,2,2,2,2,2,2,2,2,2,2,2,2,2,2,2,2,2,2,2,2,2,2,2,2,2,2,2,2,2,2,2,2,2,2,2,2,2,2,2,2,2,2,2,2,2,2,2,2,2,2,2,2,2,2,2,2,2,2,2,2,2,2,12,13,12,13,12,13,12,13,12,13,12,13,12,13,12,13,12,13,12,13,12,13,12,13,12,13,12,13,12,13,12,13,12,13,12,13,12,13,12,13,12,13,12,13,12,13,12,13,12,13,12,13,12,13,12,13,12,13,12,13,12,13,12,13,12,13,12,13,12,13,12,13,12,13,12,11,79,192,132,132,132,132,132,132,132,132,132,132,132,132,132,132,132,132,132,132,132,132,
2,2,2,2,2,2,2,2,2,2,2,2,2,2,2,2,2,2,2,2,2,2,2,2,2,2,2,2,2,2,2,2,2,2,2,2,2,2,2,2,2,2,2,2,2,2,2,2,2,2,2,2,2,2,2,2,2,2,2,2,2,2,2,2,2,2,2,2,2,2,2,2,2,2,2,2,2,2,2,2,2,2,2,2,2,2,2,2,2,2,2,2,2,13,12,13,12,13,12,13,12,13,12,13,12,13,12,13,12,13,12,13,12,13,12,13,12,13,12,13,12,13,12,13,12,13,12,13,12,13,12,13,12,13,12,13,12,13,12,13,12,13,12,13,12,13,12,13,12,13,12,13,12,13,12,13,12,13,12,13,12,13,12,13,12,13,12,13,27,79,192,132,132,132,132,132,132,132,132,132,132,132,132,132,132,132,132,132,132,132,132,
2,2,2,2,2,2,2,2,2,2,2,2,2,2,2,2,2,2,2,2,2,2,2,2,2,2,2,2,2,2,2,2,2,2,2,2,2,2,2,2,2,2,2,2,2,2,2,2,2,2,2,2,2,2,2,2,2,2,2,2,2,2,2,2,2,2,2,2,2,2,2,2,2,2,2,2,2,2,2,2,2,2,2,2,2,2,2,2,2,2,2,2,2,12,13,12,13,12,13,12,13,12,13,12,13,12,13,12,13,12,13,12,13,12,13,12,13,12,13,12,13,12,13,12,13,12,13,12,13,12,13,12,13,12,13,12,13,12,13,12,13,12,13,12,13,12,13,12,13,12,13,12,13,12,13,12,13,12,13,12,13,12,13,12,13,12,13,12,11,79,192,132,132,132,132,132,132,132,132,132,132,132,132,132,132,132,132,132,132,132,132,
2,2,2,2,2,2,2,2,2,2,2,2,2,2,2,2,2,2,2,2,2,2,2,2,2,2,2,2,2,2,2,2,2,2,2,2,2,2,2,2,2,2,2,2,2,2,2,2,2,2,2,2,2,2,2,2,2,2,2,2,2,2,2,2,2,2,2,2,2,2,2,2,2,2,2,2,2,2,2,2,2,2,2,2,2,2,2,2,2,2,2,2,2,13,12,13,12,13,12,13,12,13,12,13,12,13,12,13,12,13,12,13,27,26,27,26,27,26,27,26,12,13,12,13,12,13,12,13,12,13,12,13,12,13,12,13,12,13,12,13,12,13,12,13,12,13,12,13,12,13,12,13,12,13,12,13,12,13,12,13,12,13,12,13,12,13,12,13,27,79,192,132,132,132,132,132,132,132,132,132,132,132,132,132,132,132,132,132,132,132,132,
2,2,2,2,2,2,2,2,2,2,2,2,2,2,2,2,2,2,2,2,2,2,2,2,2,2,2,2,2,2,2,2,2,2,2,2,2,2,2,2,2,2,2,2,2,2,2,2,2,2,2,2,2,2,2,2,2,2,2,2,2,2,2,2,2,2,2,2,2,2,2,2,2,2,2,2,2,2,2,2,2,2,2,2,2,2,2,2,2,2,2,2,2,12,13,12,13,12,13,12,13,12,13,12,13,12,13,12,13,12,13,27,79,79,79,79,79,79,79,79,26,12,13,12,13,12,13,12,13,12,13,12,13,12,13,12,13,12,13,12,13,12,13,12,13,12,13,12,13,12,13,12,13,12,13,12,13,12,13,12,13,12,13,12,13,12,13,12,11,79,192,132,132,132,132,132,132,132,132,132,132,132,132,132,132,132,132,132,132,132,132,
2,2,2,2,2,2,2,2,2,2,2,2,2,2,2,2,2,2,2,2,2,2,2,2,2,2,2,2,2,2,2,2,2,2,2,2,2,2,2,2,2,2,2,2,2,2,2,2,2,2,2,2,2,2,2,2,2,2,2,2,2,2,2,2,2,2,2,2,2,2,2,2,2,2,2,2,2,2,2,2,2,2,2,2,2,2,2,2,2,2,2,2,2,13,12,13,12,13,12,13,12,13,12,13,12,13,12,13,12,13,12,11,79,17,18,18,18,19,79,79,10,13,12,13,12,13,12,13,12,13,12,13,12,13,12,13,12,13,12,13,12,13,12,13,12,13,12,13,12,13,12,13,12,13,12,13,12,13,12,13,12,13,12,13,12,13,12,13,27,79,192,132,132,132,132,132,132,132,132,132,132,132,132,132,132,132,132,132,132,132,132,
2,2,2,2,2,2,2,2,2,2,2,2,2,2,2,2,2,2,2,2,2,2,2,2,2,2,2,2,2,2,2,2,2,2,2,2,2,2,2,2,2,2,2,2,2,2,2,2,2,2,2,2,2,2,2,2,2,2,2,2,2,2,2,2,2,2,2,2,2,2,2,2,2,2,2,2,2,2,2,2,2,2,2,2,2,2,2,2,2,2,2,2,2,12,13,12,13,12,13,12,13,12,13,12,13,12,13,12,13,12,13,27,79,33,34,163,161,34,19,79,26,12,13,12,13,12,13,12,13,12,13,12,13,12,13,12,13,12,13,12,13,12,13,12,13,12,13,12,13,12,13,12,13,12,13,12,13,12,13,12,13,12,13,12,13,12,13,27,10,11,192,132,132,132,132,132,132,132,132,132,132,132,132,132,132,132,132,132,132,132,132,
2,2,2,2,2,2,2,2,2,2,2,2,2,2,2,2,2,2,2,2,2,2,2,2,2,2,2,2,2,2,2,2,2,2,2,2,2,2,2,2,2,2,2,2,2,2,2,2,2,2,2,2,2,2,2,2,2,2,2,2,2,2,2,2,2,2,2,2,2,2,2,2,2,2,2,2,2,2,2,2,2,2,2,2,2,2,2,2,2,2,2,2,2,13,12,13,12,13,12,13,12,13,12,13,12,13,12,13,12,13,12,11,79,33,161,34,34,163,35,79,10,13,12,13,12,13,12,13,12,13,12,13,12,13,12,13,12,13,12,13,12,13,12,13,12,13,12,13,12,13,12,13,12,13,12,13,12,13,12,13,12,13,12,13,12,13,12,11,26,27,192,132,132,132,132,132,132,132,132,132,132,132,132,132,132,132,132,132,132,132,132,
2,2,2,2,2,2,2,2,2,2,2,2,2,2,2,2,2,2,2,2,2,2,2,2,2,2,2,2,2,2,2,2,2,2,2,2,2,2,2,2,2,2,2,2,2,2,2,2,2,2,2,2,2,2,2,2,2,2,2,2,2,2,2,2,2,2,2,2,2,2,2,2,2,2,2,2,2,2,2,2,2,2,2,2,2,2,2,2,2,2,2,2,2,12,13,12,13,12,13,12,13,12,13,12,13,12,13,12,13,12,13,27,79,33,34,161,34,34,35,79,26,12,13,12,13,12,13,12,13,12,13,12,13,12,13,12,13,12,13,12,13,12,13,12,13,12,13,12,13,12,13,12,13,12,13,12,13,12,13,12,13,12,13,12,13,12,13,12,11,79,192,132,132,132,132,132,132,132,132,132,132,132,132,132,132,132,132,132,132,132,132,
2,2,2,2,2,2,2,2,2,2,2,2,2,2,2,2,2,2,2,2,2,2,2,2,2,2,2,2,2,2,2,2,2,2,2,2,2,2,2,2,2,2,2,2,2,2,2,2,2,2,2,2,2,2,2,2,2,2,2,2,2,2,2,2,2,2,2,2,2,2,2,2,2,2,2,2,2,2,2,2,2,2,2,2,2,2,2,2,2,2,2,2,2,13,12,13,12,13,12,13,12,13,12,13,12,13,12,13,12,13,12,11,79,33,163,34,163,34,35,79,10,13,12,13,12,13,12,13,12,13,12,13,12,13,12,13,12,13,12,13,12,13,12,13,12,13,12,13,12,13,12,13,12,13,12,13,12,13,12,13,12,13,12,13,12,13,12,13,12,11,192,132,132,132,132,132,132,132,132,132,132,132,132,132,132,132,132,132,132,132,132,
2,2,2,2,2,2,2,2,2,2,2,2,2,2,2,2,2,2,2,2,2,2,2,2,2,2,2,2,2,2,2,2,2,2,2,2,2,2,2,2,2,2,2,2,2,2,2,2,2,2,2,2,2,2,2,2,2,2,2,2,2,2,2,2,2,2,2,2,2,2,2,2,2,2,2,2,2,2,2,2,2,2,2,2,2,2,2,12,13,12,13,12,13,12,13,12,13,12,13,12,13,12,13,12,13,12,13,12,13,12,13,27,79,33,34,161,34,34,35,79,26,12,13,12,13,12,13,12,13,12,13,12,13,12,13,12,13,12,13,12,13,12,13,12,13,12,13,12,13,12,13,12,13,12,13,12,13,12,13,12,13,12,13,12,13,12,13,12,13,27,192,132,132,132,132,132,132,132,132,132,132,132,132,132,132,132,132,132,132,132,132,
2,2,2,2,2,2,2,2,2,2,2,2,2,2,2,2,2,2,2,2,2,2,2,2,2,2,2,2,2,2,2,2,2,2,2,2,2,2,2,2,2,2,2,2,2,2,2,2,2,2,2,2,2,2,2,2,2,2,2,2,2,2,2,2,2,2,2,2,2,2,2,2,2,2,2,2,2,2,2,2,2,2,2,2,2,2,12,13,12,13,12,13,12,13,12,13,12,13,12,13,12,13,12,13,12,13,12,13,12,13,27,79,79,49,50,34,34,161,35,79,10,13,12,13,12,13,12,13,12,13,12,13,12,13,12,13,12,13,12,13,12,13,12,13,12,13,12,13,12,13,12,13,12,13,12,13,12,13,12,13,12,13,12,13,12,13,12,13,12,11,192,132,132,132,132,132,132,132,132,132,132,132,132,132,132,132,132,132,132,132,132,
2,2,2,2,2,2,2,2,2,2,2,2,2,2,2,2,2,2,2,2,2,2,2,2,2,2,2,2,2,2,2,2,2,2,2,2,2,2,2,2,2,2,2,2,2,2,2,2,2,2,2,2,2,2,2,2,2,2,2,2,2,2,2,2,2,2,2,2,2,2,2,2,2,2,2,2,2,2,2,2,2,2,2,2,2,2,13,12,13,12,13,12,13,12,13,12,13,12,13,12,13,12,13,12,13,12,13,12,13,12,11,79,79,79,79,33,163,34,35,79,26,12,13,12,13,12,13,12,13,27,26,12,13,27,26,12,13,12,13,12,13,27,26,12,13,27,26,12,13,12,13,12,13,12,13,12,13,12,13,12,13,12,13,12,13,12,13,12,13,27,192,132,132,132,132,132,132,132,132,132,132,132,132,132,132,132,132,132,132,132,132,
2,2,2,2,2,2,2,2,2,2,2,2,2,2,2,2,2,2,2,2,2,2,2,2,2,2,2,2,2,2,2,2,2,2,2,2,2,2,2,2,2,2,2,2,2,2,2,2,2,2,2,2,2,2,2,2,2,2,2,2,2,2,2,2,2,2,2,2,2,2,2,2,2,2,2,2,2,2,2,2,2,2,2,2,2,2,12,13,12,13,12,13,12,13,12,13,12,13,12,13,12,13,12,13,12,13,27,26,27,26,27,79,17,18,18,34,161,34,51,79,79,26,27,26,27,26,27,26,27,79,79,26,27,79,79,26,27,26,27,26,27,79,79,26,27,79,10,13,12,13,12,13,12,13,12,13,12,13,12,13,12,13,12,13,12,13,12,13,12,11,192,132,132,132,132,132,132,132,132,132,132,132,132,132,132,132,132,132,132,132,132,
2,2,2,2,2,2,2,2,2,2,2,2,2,2,2,2,2,2,2,2,2,2,2,2,2,2,2,2,2,2,2,2,2,2,2,2,2,2,2,2,2,2,2,2,2,2,2,2,2,2,2,2,2,2,2,2,2,2,2,2,2,2,2,2,2,2,2,2,2,2,2,2,2,2,2,2,2,2,2,2,2,2,2,2,2,2,13,12,13,12,13,12,13,12,13,12,13,12,13,12,13,12,13,12,13,27,10,11,79,79,79,79,49,34,163,34,34,35,79,102,79,79,79,79,127,159,159,159,159,159,128,79,79,28,47,47,47,47,47,47,47,47,29,79,79,79,26,12,13,12,13,12,13,12,13,12,13,12,13,12,13,12,13,12,13,12,13,12,13,27,192,132,132,132,132,132,132,132,132,132,132,132,132,132,132,132,132,132,132,132,132,
12,13,12,13,12,13,12,13,12,13,12,13,12,13,12,13,12,13,12,13,12,13,12,13,12,13,12,13,12,13,12,13,12,13,12,13,12,13,12,13,12,13,12,13,12,13,12,13,12,13,12,13,12,13,12,13,12,13,12,13,12,13,12,13,12,13,12,13,12,13,2,2,2,2,2,2,2,13,12,13,12,13,12,13,12,13,12,13,12,13,12,13,12,13,12,13,12,13,12,13,12,13,12,13,27,10,13,27,79,17,18,19,79,49,34,161,34,35,79,79,102,79,79,79,190,75,120,121,122,79,192,79,28,48,83,83,83,83,83,83,83,83,46,29,79,79,10,13,12,13,12,13,12,13,12,13,12,13,12,13,12,13,12,13,12,13,12,13,27,79,192,132,132,132,132,132,132,132,132,132,132,132,132,132,132,132,132,132,132,132,132,
13,12,13,12,13,12,13,12,13,12,13,12,13,12,13,12,13,12,13,12,13,12,13,12,13,12,13,12,13,12,13,12,13,12,13,12,13,12,13,12,13,12,13,12,13,12,13,12,13,12,13,12,13,12,13,12,13,12,13,12,13,12,13,12,13,12,13,12,13,12,13,12,13,12,13,12,13,12,13,12,13,12,13,12,13,12,13,12,13,12,13,12,13,12,13,12,13,12,13,12,13,12,13,12,11,26,27,79,79,33,161,35,79,79,49,50,50,51,79,102,127,159,159,159,156,79,136,137,138,75,192,28,48,83,83,83,83,83,83,83,83,83,83,46,29,79,26,12,13,12,13,12,13,12,13,12,13,12,13,12,13,12,13,12,13,12,13,12,11,79,192,132,132,132,132,132,132,132,132,132,132,132,132,132,132,132,132,132,132,132,132,
12,13,12,13,12,13,12,13,12,13,12,13,12,13,12,13,12,13,12,13,12,13,12,13,12,13,12,13,12,13,12,13,12,13,12,13,12,13,12,13,12,13,12,13,12,13,12,13,12,13,12,13,12,13,12,13,12,13,12,13,12,13,12,13,12,13,12,13,12,13,12,13,12,13,12,13,12,13,12,13,12,13,12,13,12,13,12,13,12,13,12,13,12,13,12,13,12,13,12,13,12,13,12,13,12,11,79,17,18,34,34,51,79,79,79,79,79,79,79,79,190,51,79,10,11,79,181,164,183,75,192,32,82,82,82,82,82,82,82,83,83,83,83,83,30,79,10,13,12,13,12,13,12,13,12,13,12,13,12,13,12,13,12,13,12,13,12,13,27,79,192,132,132,132,132,132,132,132,132,132,132,132,132,132,132,132,132,132,132,132,132,
13,12,13,12,13,12,13,12,13,12,13,12,13,12,13,12,13,12,13,12,13,12,13,12,13,12,13,12,13,12,13,12,13,12,13,12,13,12,13,12,13,12,13,12,13,12,13,12,13,12,13,12,13,12,13,12,13,12,13,12,13,12,13,12,13,12,13,12,13,12,13,12,13,12,13,12,13,12,13,12,13,12,13,12,13,12,13,12,13,12,13,12,13,12,13,12,13,12,13,12,13,12,13,12,13,27,79,33,161,163,35,79,79,79,79,79,79,79,79,59,190,79,75,26,27,79,79,79,79,79,192,48,82,14,15,16,83,83,83,83,14,15,16,83,46,29,26,12,13,12,13,12,13,12,13,12,13,12,13,12,13,12,13,12,13,12,13,12,11,79,192,132,132,132,132,132,132,132,132,132,132,132,132,132,132,132,132,132,132,132,132,
12,13,12,13,12,13,12,13,12,13,12,13,12,13,12,13,12,13,12,13,12,13,12,13,12,13,12,13,12,13,12,13,12,13,12,13,12,13,12,13,12,13,12,13,12,13,12,13,12,13,12,13,12,13,12,13,12,13,12,13,12,13,12,13,12,13,12,13,12,13,12,13,12,13,12,13,12,13,12,13,12,13,12,13,12,13,12,13,12,13,12,13,12,13,12,13,12,13,12,13,12,13,12,13,27,79,79,49,34,34,35,79,79,79,79,59,79,79,127,159,156,10,11,79,10,11,79,79,79,17,192,82,14,45,79,44,16,83,83,14,45,79,44,16,83,30,10,13,12,13,12,13,12,13,12,13,12,13,12,13,12,13,12,13,12,13,12,13,27,79,192,132,132,132,132,132,132,132,132,132,132,132,132,132,132,132,132,132,132,132,132,
13,12,13,12,13,12,13,12,13,12,13,12,13,12,13,12,13,12,13,12,13,12,13,12,13,12,13,12,13,12,13,12,13,12,13,12,13,12,13,12,13,12,13,12,13,12,13,12,13,12,13,12,13,12,13,12,13,12,13,12,13,12,13,12,13,12,13,12,13,12,13,12,13,12,13,12,13,12,13,12,13,12,13,12,13,12,13,12,13,12,13,12,13,12,13,12,13,12,13,12,13,12,13,12,11,10,11,79,49,50,51,79,79,10,11,127,159,159,156,75,10,13,27,79,26,27,79,75,79,33,192,82,30,79,79,79,32,83,83,30,79,79,79,32,83,30,26,27,26,12,13,12,13,12,13,12,13,12,13,12,13,12,13,12,13,12,13,27,10,11,192,132,132,132,132,132,132,132,132,132,132,132,132,132,132,132,132,132,132,132,132,
12,13,12,13,12,13,12,13,12,13,12,13,12,13,12,13,12,13,12,13,12,13,12,13,12,13,12,13,12,13,12,13,12,13,12,13,12,13,12,13,12,13,12,13,12,13,12,13,12,13,12,13,12,13,12,13,12,13,12,13,12,13,12,13,12,13,12,13,12,13,12,13,12,13,12,13,12,13,12,13,12,13,12,13,12,13,12,13,12,13,12,13,12,13,12,13,12,13,12,13,12,13,12,13,12,13,27,79,79,79,79,79,10,13,27,190,10,11,79,79,26,27,79,75,79,79,79,79,75,49,192,82,46,29,79,28,48,83,83,46,29,79,28,48,83,30,79,79,79,26,12,13,12,13,12,13,12,13,12,13,12,13,12,13,12,13,12,11,26,27,192,132,132,132,132,132,132,132,132,132,132,132,132,132,132,132,132,132,132,132,132,
13,12,13,12,13,12,13,12,13,12,13,12,13,12,13,12,13,12,13,12,13,12,13,12,13,12,13,12,13,12,13,12,13,12,13,12,13,12,13,12,13,12,13,12,13,12,13,12,13,12,13,12,13,12,13,12,13,12,13,12,13,12,13,12,13,12,13,12,13,12,13,12,13,12,13,12,13,12,13,12,13,12,13,12,13,12,13,12,13,12,13,12,13,12,13,12,13,12,13,12,13,12,13,12,13,27,79,79,79,79,79,79,26,27,79,190,26,27,79,79,79,79,75,75,79,10,11,79,79,79,192,82,82,46,47,48,83,83,83,82,46,47,48,83,83,30,79,10,11,10,13,12,13,12,13,12,13,12,13,12,13,12,13,12,13,12,13,27,79,79,192,132,132,132,132,132,132,132,132,132,132,132,132,132,132,132,132,132,132,132,132,
12,13,12,13,12,13,12,13,12,13,12,13,12,13,12,13,12,13,12,13,12,13,12,13,12,13,12,13,12,13,12,13,12,13,12,13,12,13,12,13,12,13,12,13,12,13,12,13,12,13,12,13,12,13,12,13,12,13,12,13,12,13,12,13,12,13,12,13,12,13,12,13,12,13,12,13,12,13,12,13,12,13,12,13,12,13,12,13,12,13,12,13,12,13,12,13,12,13,12,13,12,13,12,13,27,10,11,10,11,59,79,79,79,10,11,190,79,79,75,75,10,11,79,79,79,26,27,79,79,79,192,16,82,82,82,82,82,14,16,82,83,83,83,83,14,45,79,26,12,13,12,13,12,13,12,13,12,13,12,13,12,13,12,13,12,13,27,79,79,79,192,132,132,132,132,132,132,132,132,132,132,132,132,132,132,132,132,132,132,132,132,
13,12,13,12,13,12,13,12,13,12,13,12,13,12,13,12,13,12,13,12,13,12,13,12,13,12,13,12,13,12,13,12,13,12,13,12,13,12,13,12,13,12,13,12,13,12,13,12,13,12,13,12,13,12,13,12,13,12,13,12,13,12,13,12,13,12,13,12,13,12,13,12,13,12,13,12,13,12,13,12,13,12,13,12,13,12,13,12,13,12,13,12,13,12,13,12,13,12,13,12,13,12,13,12,11,26,27,26,27,10,11,10,11,26,27,190,79,79,79,79,26,27,79,17,18,19,79,79,10,11,192,44,16,84,83,83,82,46,48,83,83,83,83,14,45,79,79,10,13,12,13,12,13,12,13,12,13,12,13,12,13,12,13,12,13,27,79,79,101,101,192,132,132,132,132,132,132,132,132,132,132,132,132,132,132,132,132,132,132,132,132,
12,13,12,13,12,13,12,13,12,13,12,13,12,13,12,13,12,13,12,13,12,13,12,13,12,13,12,13,12,13,12,13,12,13,12,13,12,13,12,13,12,13,12,13,12,13,12,13,12,13,12,13,12,13,12,13,12,13,12,13,12,13,12,13,12,13,12,13,12,13,12,13,12,13,12,13,12,13,12,13,12,13,12,13,12,13,12,13,12,13,12,13,12,13,12,13,12,13,12,13,12,13,12,13,27,79,79,10,11,26,27,26,27,102,79,206,207,3,4,207,207,207,207,207,108,51,79,79,26,27,155,128,44,16,83,83,82,82,82,83,83,83,14,45,79,79,79,26,27,26,27,26,12,13,12,13,12,13,12,13,12,13,27,26,27,79,101,101,101,73,192,132,132,132,132,132,132,132,132,132,132,132,132,132,132,132,132,132,132,132,132,
13,12,13,12,13,12,13,12,13,12,13,12,13,12,13,12,13,12,13,12,13,12,13,12,13,12,13,12,13,12,13,12,13,12,13,12,13,12,13,12,13,12,13,12,13,12,13,12,13,12,13,12,13,12,13,12,13,12,13,12,13,12,13,12,13,12,13,12,13,12,13,12,13,12,13,12,13,12,13,12,13,12,13,12,13,12,13,12,13,12,13,12,13,12,13,12,13,12,13,12,13,12,13,12,11,10,11,26,27,79,79,102,102,102,102,255,223,3,5,223,223,223,223,223,206,108,79,79,79,79,79,192,79,32,83,14,16,82,82,14,16,83,30,79,75,79,79,79,79,79,79,79,26,12,13,12,13,12,13,27,26,27,79,79,79,101,101,73,73,73,192,132,132,132,132,132,132,132,132,132,132,132,132,132,132,132,132,132,132,132,132,
12,13,12,13,12,13,12,13,12,13,12,13,12,13,12,13,12,13,12,13,12,13,12,13,12,13,12,13,12,13,12,13,12,13,12,13,12,13,12,13,12,13,12,13,12,13,12,13,12,13,12,13,12,13,12,13,12,13,12,13,12,13,12,13,12,13,12,13,12,13,12,13,12,13,12,13,12,13,12,13,12,13,12,13,12,13,12,13,12,13,27,26,27,26,12,13,12,13,12,13,12,13,12,13,27,26,27,79,79,79,79,102,79,102,79,79,79,79,79,101,32,82,46,29,255,190,79,17,107,207,4,208,79,32,83,30,32,82,82,30,32,83,30,79,79,75,79,79,79,79,79,79,79,26,27,12,13,26,27,79,10,11,10,11,79,101,73,73,73,73,192,132,132,132,132,132,132,132,132,132,132,132,132,132,132,132,132,132,132,132,132,
13,12,13,12,13,12,13,12,13,12,13,12,13,12,13,12,13,12,13,12,13,12,13,12,13,12,13,12,13,12,13,12,13,12,13,12,13,12,13,12,13,12,13,12,13,12,13,12,13,12,13,12,13,12,13,12,13,12,13,12,13,12,13,12,13,12,13,12,13,12,13,12,13,27,26,27,26,12,13,12,13,12,13,27,26,12,13,12,13,12,11,10,11,10,13,27,26,27,26,27,26,27,26,27,79,79,79,79,79,79,79,79,79,79,79,79,79,79,79,101,32,82,82,46,47,206,207,207,208,223,4,256,79,32,83,30,32,82,82,30,32,83,30,79,10,11,10,11,10,11,79,79,79,79,79,26,27,79,79,79,26,27,26,27,79,101,101,73,73,73,192,132,132,132,132,132,132,132,132,132,132,132,132,132,132,132,132,132,132,132,132,
12,13,12,13,12,13,12,13,12,13,12,13,12,13,12,13,12,13,12,13,12,13,12,13,12,13,12,13,12,13,12,13,12,13,12,13,12,13,12,13,12,13,12,13,12,13,12,13,12,13,12,13,12,13,12,13,12,13,12,13,12,13,12,13,12,13,12,13,12,13,27,26,27,17,18,18,19,26,27,26,27,26,27,17,19,26,27,26,27,26,27,26,27,26,27,79,79,79,79,79,79,79,79,79,79,79,79,79,79,20,21,21,22,79,79,79,79,79,101,79,32,82,82,82,14,255,223,223,256,79,102,20,22,44,15,45,44,15,15,45,44,15,45,79,26,12,13,12,13,27,79,79,79,79,79,79,79,101,101,101,101,101,101,101,79,101,73,73,73,73,192,132,132,132,132,132,132,132,132,132,132,132,132,132,132,132,132,132,132,132,132,
13,12,13,12,13,12,13,12,13,12,13,12,13,12,13,12,13,12,13,12,13,12,13,12,13,12,13,12,13,12,13,12,13,12,13,12,13,12,13,12,13,12,13,12,13,12,13,12,13,12,13,12,13,12,13,12,13,12,13,12,13,12,13,12,13,12,13,12,13,27,17,18,18,34,50,50,50,41,41,41,41,41,41,50,50,41,18,18,18,19,10,11,60,95,95,95,95,95,95,95,95,95,61,79,79,79,79,79,79,36,37,37,38,79,79,79,79,79,10,11,44,16,82,82,30,79,32,82,46,47,29,36,54,79,20,22,79,79,79,79,79,79,79,79,79,26,27,26,27,79,79,79,79,101,101,101,101,101,73,73,73,73,73,73,101,73,73,73,73,73,192,132,132,132,132,132,132,132,132,132,132,132,132,132,132,132,132,132,132,132,132,
12,13,12,13,12,13,12,13,12,13,12,13,12,13,12,13,12,13,12,13,12,13,12,13,12,13,12,13,12,13,12,13,12,13,12,13,12,13,12,13,12,13,12,13,12,13,12,13,12,13,12,13,12,13,12,13,12,13,12,13,12,13,12,13,12,13,12,13,12,11,33,34,34,51,127,159,159,159,159,159,159,159,159,159,159,128,49,50,34,35,26,27,80,68,68,68,62,63,64,68,68,68,78,79,79,79,79,79,79,52,37,37,37,22,79,79,79,79,26,27,79,32,84,82,46,47,48,82,82,82,30,56,79,20,53,54,79,79,79,79,79,79,79,79,79,79,79,79,79,79,101,101,101,101,73,73,73,73,73,73,73,73,73,73,73,73,73,73,73,73,192,132,132,132,132,132,132,132,132,132,132,132,132,132,132,132,132,132,132,132,132,
13,12,13,12,13,12,13,12,13,12,13,12,13,12,13,12,13,12,13,12,13,12,13,12,13,12,13,12,13,12,13,12,13,12,13,12,13,12,13,12,13,12,13,12,13,12,13,12,13,12,13,12,13,12,13,12,13,12,13,12,13,12,13,12,13,12,13,12,13,27,33,34,51,127,156,79,79,79,79,79,79,79,79,79,79,155,159,128,33,35,10,11,80,68,68,68,78,79,80,68,68,68,94,95,95,95,95,61,79,79,52,53,53,54,79,79,79,10,11,79,79,32,82,82,82,82,82,82,82,14,45,56,79,56,79,20,21,21,21,21,21,21,22,79,79,79,79,79,101,101,101,73,73,73,73,73,74,73,73,73,73,73,73,73,73,73,73,73,73,73,192,132,132,132,132,132,132,132,132,132,132,132,132,132,132,132,132,132,132,132,132,
12,13,12,13,12,13,12,13,12,13,12,13,12,13,12,13,12,13,12,13,12,13,12,13,12,13,12,13,12,13,12,13,12,13,12,13,12,13,12,13,12,13,12,13,12,13,12,13,12,13,12,13,12,13,12,13,12,13,12,13,12,13,12,13,12,13,12,13,12,11,33,51,127,156,79,79,60,95,95,95,95,95,95,61,79,79,79,192,49,51,26,27,80,68,68,68,94,95,96,68,68,68,68,68,68,68,68,78,79,79,79,79,79,79,79,79,79,26,27,10,11,32,82,82,14,15,16,82,82,30,79,56,79,56,79,36,37,37,37,37,37,37,38,79,79,79,101,101,101,73,73,73,73,73,73,74,73,73,73,73,73,73,73,73,73,73,73,73,101,73,192,132,132,132,132,132,132,132,132,132,132,132,132,132,132,132,132,132,132,132,132,
13,12,13,12,13,12,13,12,13,12,13,12,13,12,13,12,13,12,13,12,13,12,13,12,13,12,13,12,13,12,13,12,13,12,13,12,13,12,13,12,13,12,13,12,13,12,13,12,13,12,13,12,13,12,13,12,13,12,13,12,13,12,13,12,13,12,13,12,13,27,40,127,156,79,79,60,96,68,68,68,68,68,68,94,95,61,79,192,79,10,11,79,80,68,68,68,68,68,68,68,68,68,68,68,68,68,68,78,79,79,79,79,79,79,79,79,10,11,101,26,27,44,15,15,45,59,32,82,14,45,79,56,79,56,79,36,37,85,37,37,37,53,54,79,101,101,101,73,73,73,73,73,73,73,73,73,73,73,73,73,73,73,73,101,73,73,101,73,73,73,192,132,132,132,132,132,132,132,132,132,132,132,132,132,132,132,132,132,132,132,132,
12,13,12,13,12,13,12,13,12,13,12,13,12,13,12,13,12,13,12,13,12,13,12,13,12,13,12,13,12,13,12,13,12,13,12,13,12,13,12,13,12,13,12,13,12,13,12,13,12,13,12,13,12,13,12,13,12,13,12,13,12,13,12,13,12,13,12,13,12,11,40,190,79,79,60,96,68,68,67,68,62,63,64,68,68,78,79,192,102,26,27,79,76,63,63,63,63,63,63,63,63,63,63,63,63,63,63,77,79,79,79,79,79,79,79,79,26,27,79,79,79,79,79,20,22,79,44,15,45,79,20,38,79,56,79,36,37,37,85,37,38,79,79,101,101,73,73,73,73,73,73,73,73,73,73,73,73,73,73,73,73,73,73,73,73,73,73,73,73,73,192,132,132,132,132,132,132,132,132,132,132,132,132,132,132,132,132,132,132,132,132,
13,12,13,12,13,12,13,12,13,12,13,12,13,12,13,12,13,12,13,12,13,12,13,12,13,12,13,12,13,12,13,12,13,12,13,12,13,12,13,12,13,12,13,12,13,12,13,12,13,12,13,12,13,12,13,12,13,12,13,12,13,12,13,12,13,12,13,12,13,27,40,190,79,60,96,68,68,62,63,63,77,31,80,68,68,78,79,192,102,10,11,79,79,79,79,79,79,79,79,79,79,79,79,79,79,79,79,79,79,10,11,10,11,10,11,10,11,79,20,21,21,22,79,52,53,57,57,57,57,57,53,54,79,56,79,36,37,37,37,37,38,79,101,101,73,73,73,73,73,73,73,73,73,73,73,73,73,73,73,73,73,73,73,73,101,101,73,73,73,73,192,132,132,132,132,132,132,132,132,132,132,132,132,132,132,132,132,132,132,132,132,
12,13,12,13,12,13,12,13,12,13,12,13,12,13,12,13,12,13,12,13,12,13,12,13,12,13,12,13,12,13,12,13,12,13,12,13,12,13,12,13,12,13,12,13,12,13,12,13,12,13,12,13,12,13,12,13,12,13,12,13,12,13,12,13,12,13,12,13,27,17,35,190,79,80,67,67,67,78,117,118,119,79,80,68,62,77,79,192,79,26,27,79,79,79,10,11,10,11,10,11,10,11,10,11,10,11,79,101,101,26,27,26,27,26,27,26,27,79,36,37,37,38,79,79,79,79,79,79,79,79,79,79,79,56,79,52,53,53,37,37,38,79,79,73,73,73,73,73,73,73,73,73,73,73,73,73,73,204,73,73,73,73,73,73,73,73,73,73,73,73,192,132,132,132,132,132,132,132,132,132,132,132,132,132,132,132,132,132,132,132,132,
13,12,13,12,13,12,13,12,13,12,13,12,13,12,13,12,13,12,13,12,13,12,13,12,13,12,13,12,13,12,13,12,13,12,13,12,13,12,13,12,13,12,13,12,13,12,13,12,13,12,13,12,13,12,13,12,13,12,13,12,13,12,13,12,13,12,13,12,11,49,35,190,79,80,67,67,67,78,133,134,135,79,80,67,78,79,79,192,17,19,10,11,149,151,26,27,26,12,13,12,13,12,13,12,13,12,11,101,20,21,21,21,21,21,21,21,21,21,37,37,37,54,79,20,21,21,21,57,57,57,57,21,21,54,79,79,79,79,36,37,38,79,79,73,73,73,73,73,73,73,73,73,73,73,73,73,204,73,73,74,73,73,73,73,73,73,101,73,73,73,192,132,132,132,132,132,132,132,132,132,132,132,132,132,132,132,132,132,132,132,132,
12,13,12,13,12,13,12,13,12,13,12,13,12,13,12,13,12,13,12,13,12,13,12,13,12,13,12,13,12,13,12,13,12,13,12,13,12,13,12,13,12,13,12,13,12,13,12,13,12,13,12,13,12,13,12,13,12,13,12,13,12,13,12,13,12,13,12,13,12,11,40,190,79,80,66,67,67,78,181,164,183,79,80,67,78,79,107,208,33,35,26,27,165,167,59,79,79,26,27,26,27,26,27,26,27,26,27,20,37,53,53,53,53,53,53,53,53,53,37,37,38,79,79,36,37,37,38,10,11,10,11,52,54,10,11,79,79,79,36,37,38,79,79,73,73,73,73,73,73,73,73,73,73,73,73,73,74,73,73,73,73,73,73,73,73,101,73,73,73,73,192,132,132,132,132,132,132,132,132,132,132,132,132,132,132,132,132,132,132,132,132,
13,12,13,12,13,12,13,12,13,12,13,12,13,12,13,12,13,12,13,12,13,12,13,12,13,12,13,12,13,12,13,12,13,12,13,12,13,12,13,12,13,12,13,12,13,12,13,12,13,12,13,12,13,12,13,12,13,12,13,12,13,12,13,12,13,12,13,12,13,27,40,190,79,80,66,66,67,78,79,79,79,79,80,67,78,79,192,224,33,34,19,79,181,164,59,79,20,21,21,21,21,21,21,21,21,21,21,37,38,79,79,79,79,79,79,79,79,79,36,37,54,79,20,37,37,37,54,26,27,26,27,10,11,26,27,79,79,79,36,37,54,79,101,73,73,73,73,73,73,73,73,101,101,73,73,73,73,73,204,73,73,73,73,73,101,101,73,73,73,73,192,132,132,132,132,132,132,132,132,132,132,132,132,132,132,132,132,132,132,132,132,
12,13,12,13,12,13,12,13,12,13,12,13,12,13,12,13,12,13,12,13,12,13,12,13,12,13,12,13,12,13,12,13,12,13,12,13,12,13,12,13,12,13,12,13,12,13,12,13,12,13,12,13,12,13,12,13,12,13,12,13,12,13,12,13,12,13,12,13,12,11,40,190,79,76,63,64,67,94,95,95,95,95,96,67,78,79,192,256,33,34,35,79,79,79,79,79,36,37,37,37,37,37,85,37,37,37,37,37,38,79,20,21,21,21,21,21,22,79,52,54,79,79,36,37,37,38,10,11,10,11,10,13,27,79,10,11,79,20,37,38,79,79,101,101,73,73,73,73,73,73,73,101,73,73,73,73,73,73,73,73,73,73,73,101,73,73,73,73,73,73,192,132,132,132,132,132,132,132,132,132,132,132,132,132,132,132,132,132,132,132,132,
13,12,13,12,13,12,13,12,13,12,13,12,13,12,13,12,13,12,13,12,13,12,13,12,13,12,13,12,13,12,13,12,13,12,13,12,13,12,13,12,13,12,13,12,13,12,13,12,13,12,13,12,13,12,13,12,13,12,13,12,13,12,13,12,13,12,13,12,13,27,40,190,79,10,11,76,64,68,68,68,68,68,68,68,78,79,192,17,34,34,34,18,18,18,19,79,36,37,37,37,37,85,85,85,37,37,37,37,38,79,52,53,53,37,37,37,38,79,79,79,79,20,37,53,53,54,26,27,26,12,13,12,11,79,26,27,79,36,37,38,79,79,79,101,73,73,73,73,73,73,73,73,101,73,73,73,74,73,73,73,73,73,73,73,73,73,73,73,73,73,192,132,132,132,132,132,132,132,132,132,132,132,132,132,132,132,132,132,132,132,132,
12,13,12,13,12,13,12,13,12,13,12,13,12,13,12,13,12,13,12,13,12,13,12,13,12,13,12,13,12,13,12,13,12,13,12,13,12,13,12,13,12,13,12,13,12,13,12,13,12,13,12,13,12,13,12,13,12,13,12,13,12,13,12,13,12,13,12,13,12,11,40,190,10,13,12,11,76,63,63,63,63,63,63,63,77,79,192,33,34,163,34,34,34,161,35,79,36,37,37,37,37,37,53,37,37,37,37,37,38,79,79,79,79,52,37,37,37,22,79,79,20,37,38,79,79,79,10,11,10,13,12,13,12,11,10,11,79,36,37,38,79,79,79,101,73,73,73,73,73,73,73,73,101,73,73,73,73,73,73,73,73,73,73,73,73,73,73,73,73,73,192,132,132,132,132,132,132,132,132,132,132,132,132,132,132,132,132,132,132,132,132,
13,12,13,12,13,12,13,12,13,12,13,12,13,12,13,12,13,12,13,12,13,12,13,12,13,12,13,12,13,27,26,27,26,12,13,12,13,12,13,27,26,12,13,12,13,12,13,27,26,12,13,27,26,27,26,12,13,12,13,12,13,12,13,12,13,12,13,12,13,27,40,190,26,27,26,27,79,79,79,79,79,79,79,79,79,79,192,33,34,161,34,34,34,34,35,79,52,53,53,53,53,54,79,36,37,37,37,37,37,21,21,22,79,79,36,37,37,37,21,21,37,37,38,79,79,79,26,12,13,12,13,12,13,27,26,27,79,52,53,54,79,101,101,73,73,73,73,73,101,101,73,73,73,73,73,73,73,73,73,73,73,73,73,73,73,73,73,73,73,73,192,132,132,132,132,132,132,132,132,132,132,132,132,132,132,132,132,132,132,132,132,
12,13,12,13,12,13,12,13,12,13,12,13,12,13,12,13,12,13,12,13,27,26,27,26,27,26,27,26,27,17,18,18,19,26,27,26,27,26,27,17,19,26,27,26,27,26,27,17,19,26,27,17,18,18,19,26,27,26,12,13,12,13,12,13,12,13,12,13,27,17,35,206,207,207,207,207,207,207,207,207,207,207,207,207,207,207,208,33,34,34,34,34,163,34,35,79,79,79,79,79,79,79,79,52,53,53,53,53,37,37,37,37,22,79,36,37,37,37,53,53,37,37,38,79,79,10,11,26,12,13,12,13,12,11,10,11,59,79,79,79,79,101,73,73,73,73,73,73,101,101,101,101,101,73,73,73,73,73,73,73,73,73,73,73,73,73,73,73,73,73,192,132,132,132,132,132,132,132,132,132,132,132,132,132,132,132,132,132,132,132,132,
13,12,13,12,13,12,13,12,13,12,13,12,13,12,13,12,13,12,13,12,11,17,18,18,18,18,18,18,18,34,34,34,34,18,18,18,18,18,18,34,34,18,18,18,18,18,18,34,34,18,18,34,34,34,34,18,18,19,26,12,13,12,13,12,13,12,13,12,11,33,35,222,223,223,223,223,223,223,223,223,223,223,223,223,223,223,224,33,34,50,50,50,50,34,34,18,41,41,41,41,19,79,79,79,79,79,79,101,52,37,37,37,38,79,36,37,37,38,79,75,36,37,38,79,79,26,27,10,13,12,13,12,13,12,13,12,11,79,79,79,79,101,73,73,73,73,73,73,73,73,73,73,73,73,73,73,73,73,73,73,73,73,73,73,73,73,73,73,73,73,192,132,132,132,132,132,132,132,132,132,132,132,132,132,132,132,132,132,132,132,132,
12,13,12,13,12,13,12,13,12,13,12,13,12,13,12,13,12,13,12,13,27,33,312,313,313,313,313,313,313,313,313,313,313,313,313,313,313,313,313,313,313,313,313,313,313,313,313,313,313,313,313,313,313,313,313,314,34,34,19,26,12,13,12,13,27,26,12,13,27,33,35,255,223,223,238,223,223,223,223,223,223,223,223,223,223,223,256,33,35,10,11,10,11,33,34,35,10,11,10,11,33,19,79,79,79,79,79,79,79,52,53,37,38,79,36,37,37,37,22,79,36,37,38,79,79,79,79,26,12,13,12,13,12,13,27,26,27,59,79,79,79,79,101,73,73,73,73,73,73,73,73,73,73,73,73,73,73,73,73,73,73,73,73,73,73,73,74,73,73,73,192,132,132,132,132,132,132,132,132,132,132,132,132,132,132,132,132,132,132,132,132,
13,12,13,12,13,12,13,12,13,12,13,12,13,12,13,12,13,12,13,12,11,33,328,309,311,329,417,418,329,417,418,329,417,418,329,417,418,329,417,418,329,417,418,329,417,418,329,417,418,329,417,418,329,309,311,330,34,34,34,19,26,27,26,27,17,19,26,27,17,34,34,18,18,19,79,17,18,18,18,18,18,18,18,18,18,18,18,34,35,26,12,13,27,33,34,35,26,12,13,27,33,35,79,17,18,19,79,79,79,79,79,52,54,79,52,53,53,53,53,57,53,53,54,79,10,11,79,10,13,12,13,12,13,12,11,10,11,79,59,79,79,101,73,73,73,73,73,73,73,73,73,73,73,73,73,73,73,73,73,73,73,73,73,73,73,73,73,73,101,101,192,132,132,132,132,132,132,132,132,132,132,132,132,132,132,132,132,132,132,132,132,
12,13,12,13,12,13,12,13,12,13,12,13,12,13,12,13,12,13,12,13,27,33,328,341,343,329,433,434,329,433,434,329,433,434,329,433,434,329,433,434,329,433,434,329,433,434,329,433,434,329,433,434,329,341,343,330,34,34,34,50,41,41,41,41,50,50,18,18,34,34,34,34,163,35,79,33,34,50,50,50,50,34,163,163,34,50,50,50,51,79,26,27,17,34,34,34,19,26,27,17,34,35,79,33,163,35,79,10,11,79,79,79,79,79,79,10,11,79,79,79,79,79,79,79,26,27,10,13,12,13,12,13,12,13,12,13,27,59,79,59,101,73,73,73,73,73,73,73,73,73,73,101,101,101,101,73,73,73,101,101,101,101,101,73,73,73,101,101,101,79,192,132,132,132,132,132,132,132,132,132,132,132,132,132,132,132,132,132,132,132,132,
13,12,13,12,13,12,13,12,13,12,13,12,13,12,13,12,13,12,13,12,11,33,328,329,329,329,345,345,345,345,345,345,345,345,345,345,345,345,345,345,345,345,345,345,345,345,345,345,345,345,345,345,329,329,329,330,162,163,35,60,95,95,95,95,95,61,49,34,34,34,162,34,34,35,79,33,35,10,11,10,11,49,50,50,51,10,11,10,11,79,75,79,49,34,34,34,34,18,18,34,34,35,79,33,50,50,19,26,27,10,11,10,11,10,11,26,27,10,11,79,17,19,79,79,79,10,13,12,13,12,13,12,13,12,13,12,11,10,11,79,101,73,73,101,101,101,101,101,101,101,101,101,79,79,101,101,73,101,101,79,79,79,79,101,101,101,101,79,79,79,192,132,132,132,132,132,132,132,132,132,132,132,132,132,132,132,132,132,132,132,132,
12,13,12,13,12,13,12,13,12,13,12,13,12,13,12,13,12,13,12,13,27,33,328,417,418,330,347,347,347,347,347,347,347,347,347,347,347,347,347,347,347,347,347,347,351,347,347,347,347,347,347,347,328,417,418,330,34,34,35,80,68,68,68,68,68,94,61,49,34,34,34,34,34,35,79,33,35,26,12,13,27,10,11,10,11,26,12,13,27,10,11,10,11,33,34,163,161,34,161,34,34,35,79,40,10,11,40,79,10,13,27,26,27,26,27,79,10,13,27,79,49,51,79,10,11,26,12,13,12,13,12,13,12,13,12,13,27,26,27,79,101,101,101,101,79,79,79,79,79,79,79,79,79,79,79,101,101,101,79,79,79,79,79,79,10,11,10,11,79,79,192,132,132,132,132,132,132,132,132,132,132,132,132,132,132,132,132,132,132,132,132,
13,12,13,12,13,12,13,12,13,12,13,12,13,12,13,12,13,12,13,27,17,34,328,433,434,330,347,347,347,351,351,351,351,351,351,347,347,347,351,351,351,351,351,347,351,347,351,351,351,347,347,347,328,433,434,330,34,34,35,80,68,68,68,68,68,68,94,61,49,34,163,162,34,35,79,33,34,19,26,27,75,26,12,13,27,79,26,27,75,26,12,13,27,33,34,34,34,161,161,34,34,35,79,40,26,27,40,79,26,27,79,79,79,79,79,10,13,12,11,79,79,79,79,26,27,10,13,12,13,12,13,12,13,12,13,12,11,10,11,101,79,10,11,79,79,10,11,79,79,79,79,10,11,10,11,10,11,79,79,79,79,10,11,79,26,12,13,27,79,79,192,132,132,132,132,132,132,132,132,132,132,132,132,132,132,132,132,132,132,132,132,
12,13,12,13,12,13,12,13,12,13,12,13,12,13,12,13,12,13,12,11,49,34,328,329,329,330,347,347,347,347,347,347,347,347,347,347,347,347,347,347,347,347,347,347,351,347,347,347,347,347,347,347,328,329,329,330,34,34,35,80,68,68,68,68,68,68,68,94,61,33,34,34,34,35,79,33,34,34,18,18,18,19,26,27,17,18,18,18,18,19,26,27,17,34,34,161,34,163,34,34,163,35,79,33,18,18,34,18,18,18,19,79,17,18,19,26,27,26,12,11,17,19,10,11,10,13,12,13,12,13,12,13,12,13,12,13,12,13,12,11,10,13,12,11,10,13,12,11,10,11,10,13,12,13,12,13,12,11,10,11,10,13,12,11,10,13,12,11,79,79,192,132,132,132,132,132,132,132,132,132,132,132,132,132,132,132,132,132,132,132,132,
13,12,13,12,13,12,13,12,13,12,13,12,13,12,13,12,13,12,13,12,11,33,328,417,418,330,347,319,347,309,310,310,310,310,311,347,319,347,312,313,313,313,313,313,313,313,313,313,314,347,319,347,328,417,418,330,34,162,35,80,68,68,62,63,64,68,68,68,78,33,162,34,34,35,79,49,50,50,50,50,50,50,41,41,50,50,50,50,50,50,41,41,50,50,50,50,50,50,50,50,50,51,79,33,50,50,50,161,34,34,34,18,163,34,35,79,10,11,26,27,33,35,26,12,13,12,13,12,13,27,26,27,26,27,26,12,13,12,13,12,13,12,13,12,13,12,13,12,13,12,13,12,13,12,13,12,13,12,13,12,13,12,13,12,13,12,13,12,11,79,192,132,132,132,132,132,132,132,132,132,132,132,132,132,132,132,132,132,132,132,132,
12,13,12,13,12,13,12,13,12,13,12,13,12,13,12,13,12,13,12,13,27,33,328,433,434,330,347,319,347,325,162,50,50,163,327,347,319,347,328,329,398,431,431,431,431,431,400,329,330,347,319,347,328,433,434,330,34,163,35,80,68,68,78,59,80,68,68,68,78,33,34,162,163,35,79,79,79,79,79,79,79,79,79,79,79,79,79,79,79,79,79,79,79,79,79,79,79,79,79,79,79,79,79,40,10,11,79,49,34,163,161,161,34,34,35,79,26,12,11,17,34,51,10,13,12,13,12,13,12,11,17,41,41,41,19,26,12,13,12,13,12,13,12,13,12,13,12,13,12,13,12,13,12,13,12,13,12,13,12,13,12,13,12,13,12,13,12,13,27,79,192,132,132,132,132,132,132,132,132,132,132,132,132,132,132,132,132,132,132,132,132,
13,12,13,12,13,12,13,12,13,12,13,12,13,12,13,12,13,12,13,12,11,33,328,329,329,330,347,319,347,325,35,10,11,33,327,347,319,347,328,329,414,304,302,302,286,302,416,329,330,347,319,347,328,329,329,330,34,34,35,80,68,68,78,75,80,68,68,68,78,33,34,50,50,50,41,18,18,18,18,41,41,41,41,41,41,41,41,18,18,18,18,19,79,17,18,18,41,41,41,41,18,18,41,51,26,12,11,79,49,50,50,50,50,50,51,79,79,26,27,49,51,10,13,12,13,12,13,12,13,27,40,120,121,122,40,10,13,12,13,12,13,12,13,12,13,12,13,12,13,12,13,12,13,12,13,12,13,12,13,12,13,12,13,12,13,12,13,12,11,79,192,132,132,132,132,132,132,132,132,132,132,132,132,132,132,132,132,132,132,132,132,
12,13,12,13,12,13,12,13,12,13,12,13,12,13,12,13,12,13,12,13,27,33,328,417,418,330,347,319,347,325,35,26,27,33,327,347,319,347,328,329,414,302,286,302,302,287,416,329,330,347,319,347,328,417,418,330,34,162,35,80,68,68,94,95,96,68,68,68,78,33,35,10,11,10,11,33,50,50,51,10,11,10,11,10,11,10,11,33,50,50,34,35,79,33,34,51,10,11,10,11,49,51,10,11,10,13,27,10,11,79,79,79,79,79,10,11,10,11,10,11,10,13,12,13,12,13,12,13,12,11,33,136,137,138,35,26,12,13,12,13,12,13,12,13,12,13,12,13,12,13,12,13,12,13,12,13,12,13,12,13,12,13,12,13,12,13,12,13,27,17,192,132,132,132,132,132,132,132,132,132,132,132,132,132,132,132,132,132,132,132,132,
13,12,13,12,13,12,13,12,13,12,13,12,13,12,13,12,13,12,13,12,11,33,328,433,434,330,347,319,347,325,163,41,41,162,327,347,319,347,328,329,430,431,431,431,431,431,432,329,330,347,319,347,328,433,434,330,34,162,35,80,68,68,68,68,68,68,68,62,77,33,35,26,12,13,27,40,10,11,10,13,12,13,12,13,12,13,27,40,10,11,33,35,79,33,51,10,13,12,13,27,79,10,13,12,13,12,11,26,27,10,11,10,11,79,26,12,13,12,13,12,13,12,13,12,13,12,13,12,13,27,33,181,164,183,35,10,13,12,13,12,13,12,13,12,13,12,13,12,13,12,13,12,13,12,13,12,13,12,13,12,13,12,13,12,13,12,13,12,11,33,192,132,132,132,132,132,132,132,132,132,132,132,132,132,132,132,132,132,132,132,132,
12,13,12,13,12,13,12,13,12,13,12,13,12,13,12,13,12,13,12,13,27,33,328,329,329,330,347,319,347,325,35,10,11,33,327,347,319,347,328,329,385,422,363,359,360,361,385,329,330,347,319,347,328,329,329,330,34,34,35,76,63,64,68,68,68,68,62,77,17,34,34,19,26,27,17,35,26,12,13,12,13,12,13,27,26,27,17,35,26,27,33,51,79,40,10,13,12,13,12,11,10,13,12,13,12,13,12,11,10,13,12,13,12,11,10,13,27,26,12,13,12,13,12,13,12,13,12,13,12,11,49,35,79,33,35,26,27,26,27,26,27,26,27,26,12,13,12,13,12,13,12,13,12,13,12,13,12,13,12,13,12,13,12,13,12,13,12,13,27,33,192,132,132,132,132,132,132,132,132,132,132,132,132,132,132,132,132,132,132,132,132,
13,12,13,12,13,12,13,12,13,12,13,12,13,12,13,12,13,12,13,12,11,33,328,417,418,330,347,319,347,325,35,26,27,33,327,347,319,347,328,329,401,438,379,375,376,377,401,329,330,347,319,347,328,417,418,330,34,34,34,18,19,80,68,68,68,62,77,17,34,34,34,34,18,18,34,34,19,26,12,13,12,13,27,17,18,18,161,34,18,41,51,79,79,40,26,12,13,12,13,12,13,12,13,12,13,12,13,12,13,12,13,12,13,12,13,12,11,10,13,12,13,12,13,12,13,12,13,12,13,12,11,40,79,49,50,41,41,41,41,18,18,18,19,10,13,12,13,12,13,12,13,12,13,12,13,12,13,12,13,12,13,12,13,12,13,12,13,12,11,33,192,132,132,132,132,132,132,132,132,132,132,132,132,132,132,132,132,132,132,132,132,
12,13,12,13,12,13,12,13,12,13,12,13,12,13,12,13,12,13,12,13,27,33,328,433,434,330,347,319,347,325,162,18,18,163,327,347,319,347,328,329,329,329,329,329,329,329,329,329,330,347,319,347,328,433,434,330,163,34,34,34,35,76,64,68,68,78,17,34,34,163,34,50,50,50,34,161,34,19,26,12,13,27,17,34,34,50,50,50,51,79,79,79,17,34,19,26,27,26,12,13,12,13,12,13,12,13,12,13,12,13,12,13,12,13,12,13,12,13,12,13,12,13,12,13,12,13,12,13,12,13,27,40,79,79,79,79,79,79,79,49,162,163,35,26,12,13,12,13,12,13,12,13,12,13,12,13,12,13,12,13,12,13,12,13,12,13,12,13,27,33,192,132,132,132,132,132,132,132,132,132,132,132,132,132,132,132,132,132,132,132,132,
13,12,13,12,13,12,13,12,13,12,13,12,13,12,13,12,13,12,13,27,79,33,328,329,329,330,347,319,347,341,342,342,342,342,343,347,319,347,344,345,345,345,345,345,345,345,345,345,346,347,319,347,344,345,345,346,34,34,162,34,34,19,80,68,68,78,33,34,34,50,51,79,79,79,49,34,34,34,19,26,27,17,34,34,35,79,79,79,79,79,17,18,34,34,161,18,18,19,26,12,13,12,13,12,13,12,13,12,13,12,13,12,13,12,13,12,13,12,13,12,13,12,13,12,13,12,13,12,13,12,11,49,41,41,41,41,18,19,79,79,49,50,50,19,26,12,13,12,13,12,13,12,13,12,13,12,13,12,13,12,13,12,13,12,13,12,13,12,11,33,192,132,132,132,132,132,132,132,132,132,132,132,132,132,132,132,132,132,132,132,132,
12,13,12,13,12,13,12,13,12,13,12,13,12,13,12,13,12,13,12,11,17,326,328,329,329,330,347,347,347,347,347,347,347,347,347,347,347,347,347,347,347,347,347,347,351,347,347,347,347,347,347,347,347,347,347,347,50,50,50,50,50,51,80,68,68,78,49,50,51,79,79,79,79,79,79,49,50,34,34,18,18,34,163,34,51,79,17,19,79,17,34,34,50,50,50,50,34,34,19,26,12,13,12,13,12,13,12,13,12,13,12,13,12,13,12,13,12,13,12,13,12,13,12,13,12,13,12,13,12,13,12,11,10,11,10,11,49,34,19,79,79,79,79,33,19,26,12,13,12,13,12,13,12,13,12,13,12,13,12,13,12,13,12,13,12,13,12,13,27,33,192,132,132,132,132,132,132,132,132,132,132,132,132,132,132,132,132,132,132,132,132,
13,12,13,12,13,12,13,12,13,12,13,12,13,12,13,12,13,12,13,27,33,326,328,417,418,330,347,347,347,351,351,351,351,351,351,351,351,351,351,351,351,351,351,347,351,347,351,351,351,347,347,347,351,351,351,351,79,79,79,79,79,79,76,89,90,77,79,79,79,17,18,18,18,19,79,79,79,49,50,161,34,50,50,51,79,79,33,35,79,49,50,51,79,79,79,79,33,34,35,10,13,12,13,12,13,12,13,12,13,12,13,12,13,12,13,27,26,27,26,27,26,27,26,12,13,12,13,12,13,12,13,12,13,12,13,12,11,49,50,41,18,19,79,33,35,10,13,12,13,12,13,12,13,12,13,12,13,12,13,12,13,12,13,12,13,12,13,12,11,33,192,132,132,132,132,132,132,132,132,132,132,132,132,132,132,132,132,132,132,132,132,
12,13,12,13,12,13,12,13,12,13,12,13,12,13,12,13,12,13,12,11,49,326,328,433,434,330,347,347,347,347,347,347,347,347,347,347,347,347,347,347,347,347,347,347,351,347,347,347,347,347,347,347,347,347,347,347,18,18,18,18,18,19,60,105,106,61,79,17,18,50,50,50,50,50,41,19,79,79,79,49,51,79,79,79,79,17,34,35,79,79,79,79,79,17,19,79,49,34,35,26,12,13,12,13,12,13,12,13,12,13,12,13,12,13,27,17,18,18,41,41,18,18,19,26,12,13,12,13,12,13,12,13,12,13,12,13,12,11,10,11,33,35,79,33,35,26,12,13,12,13,12,13,12,13,12,13,12,13,12,13,12,13,12,13,12,13,12,13,27,33,192,132,132,132,132,132,132,132,132,132,132,132,132,132,132,132,132,132,132,132,132,
13,12,13,12,13,12,13,12,13,12,13,12,13,12,13,12,13,12,13,12,11,33,328,329,329,330,347,319,347,312,313,313,313,313,313,313,313,313,313,313,313,313,313,313,313,313,313,313,314,347,319,347,312,313,313,314,34,34,50,50,50,51,80,68,68,78,79,49,51,10,11,10,11,10,11,49,41,41,19,79,79,79,17,18,41,50,50,50,18,18,41,41,18,34,35,79,79,49,34,19,26,27,26,27,26,27,26,27,26,27,26,27,26,27,17,34,50,51,79,79,49,34,34,19,26,12,13,12,13,27,26,27,26,27,26,27,26,27,26,27,33,35,79,33,163,19,26,27,26,12,13,12,13,12,13,12,13,12,13,12,13,12,13,12,13,12,13,12,11,33,192,132,132,132,132,132,132,132,132,132,132,132,132,132,132,132,132,132,132,132,132,
12,13,12,13,12,13,12,13,12,13,12,13,12,13,12,13,12,13,12,13,27,33,328,417,418,330,347,319,347,328,329,398,399,399,399,399,399,399,399,399,399,400,398,399,399,399,400,329,330,347,319,347,328,417,418,330,34,51,10,11,10,11,76,64,68,94,61,79,10,13,12,13,12,13,12,11,10,11,49,41,41,41,50,51,10,11,10,11,49,51,10,11,49,34,34,19,79,79,49,50,18,18,18,18,18,18,18,18,18,18,18,18,18,18,34,51,79,79,79,79,79,49,34,35,10,13,12,13,27,17,18,18,18,18,18,18,18,18,18,18,34,35,79,33,34,34,19,79,10,13,12,13,12,13,12,13,12,13,12,13,12,13,12,13,12,13,12,13,27,33,192,132,132,132,132,132,132,132,132,132,132,132,132,132,132,132,132,132,132,132,132,
13,12,13,12,13,12,13,12,13,12,13,12,13,12,13,12,13,12,13,12,11,33,328,433,434,330,347,319,347,328,329,414,302,302,302,302,302,302,302,302,303,416,414,287,288,302,416,329,330,347,319,347,328,433,434,330,35,10,13,12,13,12,11,80,68,68,78,79,26,12,13,12,13,12,13,12,13,12,11,10,11,10,11,10,13,12,13,12,11,10,13,12,11,49,50,50,19,79,79,79,49,50,50,50,50,50,50,50,50,50,34,163,161,34,51,79,79,17,18,19,79,79,49,35,26,12,13,27,17,34,34,162,34,163,34,50,50,50,34,162,162,34,41,50,50,163,35,10,13,12,13,12,13,12,13,12,13,12,13,12,13,12,13,12,13,12,13,12,11,33,192,132,132,132,132,132,132,132,132,132,132,132,132,132,132,132,132,132,132,132,132,
12,13,12,13,12,13,12,13,12,13,12,13,12,13,12,13,12,13,12,13,27,33,328,329,329,330,347,319,347,328,329,414,302,287,288,302,302,302,302,302,302,416,414,303,304,302,416,329,330,347,319,347,328,329,329,330,35,26,12,13,12,13,27,80,68,68,94,61,79,26,12,13,12,13,12,13,12,13,12,13,12,13,12,13,12,13,12,13,12,13,12,13,12,11,10,11,49,18,19,79,79,79,79,79,79,79,79,79,79,79,49,50,50,51,79,79,17,50,50,34,19,79,79,33,19,26,27,17,50,50,34,34,34,34,35,149,150,151,33,34,34,35,117,118,119,33,35,26,12,13,12,13,12,13,12,13,12,13,12,13,12,13,12,13,12,13,12,13,27,33,192,132,132,132,132,132,132,132,132,132,132,132,132,132,132,132,132,132,132,132,132,
13,12,13,12,13,12,13,12,13,12,13,12,13,12,13,12,13,12,13,12,11,33,328,417,418,330,347,319,347,328,329,414,302,303,304,302,302,302,302,302,302,416,430,431,431,431,432,329,330,347,319,347,328,417,418,330,34,19,26,12,13,12,11,80,68,68,68,94,61,79,26,27,26,12,13,12,13,12,13,12,13,12,13,12,13,12,13,12,13,12,13,12,13,12,13,12,11,49,50,41,41,41,18,18,41,41,41,41,19,79,79,79,79,79,79,17,51,10,11,49,34,19,79,33,34,18,18,51,79,79,49,34,34,162,34,165,166,167,34,34,163,34,133,134,135,34,34,19,26,12,13,12,13,12,13,12,13,12,13,12,13,12,13,12,13,12,13,12,11,33,192,132,132,132,132,132,132,132,132,132,132,132,132,132,132,132,132,132,132,132,132,
12,13,12,13,12,13,12,13,12,13,12,13,12,13,12,13,12,13,12,13,27,33,328,433,434,330,347,319,347,328,329,414,302,302,302,302,302,302,287,288,302,416,398,399,399,399,400,329,330,347,319,347,328,433,434,330,34,51,79,26,12,13,27,76,64,68,68,68,94,95,95,95,61,26,27,26,27,26,27,26,27,26,27,26,12,13,12,13,12,13,12,13,12,13,12,13,12,11,10,11,10,11,49,51,10,11,10,11,49,18,19,79,79,79,17,51,10,13,12,11,49,35,79,33,161,34,51,79,79,79,79,33,34,34,34,181,164,183,34,162,34,34,181,164,183,34,34,51,10,13,12,13,12,13,12,13,12,13,12,13,12,13,12,13,12,13,12,13,27,33,192,132,132,132,132,132,132,132,132,132,132,132,132,132,132,132,132,132,132,132,132,
13,12,13,12,13,12,13,12,13,12,13,12,13,12,13,12,13,12,13,27,17,34,328,329,329,330,347,319,347,328,329,414,302,302,302,302,302,302,303,304,302,416,414,302,287,288,416,329,330,347,319,347,328,329,329,330,35,10,11,10,13,12,11,79,80,68,68,68,68,68,68,68,94,95,95,61,60,95,95,95,95,95,95,61,26,27,26,12,13,12,13,12,13,12,13,12,13,27,26,12,13,12,11,10,13,12,13,12,11,49,50,41,41,41,51,10,13,12,13,12,11,40,79,49,50,51,79,79,17,19,79,49,50,50,50,51,79,49,50,50,50,50,51,79,33,162,35,10,13,12,13,12,13,12,13,12,13,12,13,12,13,12,13,12,13,12,13,12,11,33,192,132,132,132,132,132,132,132,132,132,132,132,132,132,132,132,132,132,132,132,132,
12,13,12,13,12,13,12,13,12,13,12,13,12,13,12,13,12,13,12,11,49,34,328,417,418,330,347,319,347,328,329,430,431,431,431,431,431,431,431,431,431,432,414,302,303,304,416,329,330,347,319,347,328,417,418,330,35,26,12,13,12,13,12,11,76,63,63,64,68,68,68,68,68,68,68,94,96,68,68,68,68,68,68,94,95,61,79,26,12,13,12,13,12,13,12,13,27,31,10,13,12,13,12,13,12,13,12,13,27,79,10,11,10,11,10,13,12,13,12,13,27,40,79,79,79,79,79,17,34,35,79,79,79,79,79,79,79,79,79,79,79,79,79,79,33,34,35,26,12,13,12,13,12,13,12,13,12,13,12,13,12,13,12,13,12,13,12,13,27,33,192,132,132,132,132,132,132,132,132,132,132,132,132,132,132,132,132,132,132,132,132,
13,12,13,12,13,12,13,12,13,12,13,12,13,12,13,12,13,12,13,12,11,33,328,433,434,330,347,347,347,328,329,370,362,363,363,363,363,363,363,363,364,370,430,431,431,431,432,329,330,347,350,347,328,433,434,330,35,10,13,12,13,12,13,12,11,10,11,76,63,64,68,68,68,68,68,68,68,68,68,68,68,68,68,68,68,94,95,61,26,27,26,12,13,12,13,12,11,10,13,12,13,12,13,12,13,12,13,12,11,10,13,12,13,12,13,12,13,12,13,12,11,49,18,18,41,41,41,50,34,162,18,18,18,18,18,18,18,18,18,19,79,17,18,18,34,34,35,10,13,12,13,12,13,12,13,12,13,12,13,12,13,12,13,12,13,12,13,12,11,33,192,132,132,132,132,132,132,132,132,132,132,132,132,132,132,132,132,132,132,132,132,
12,13,12,13,12,13,12,13,12,13,12,13,12,13,12,13,12,13,12,13,27,33,328,329,329,330,319,319,319,328,329,386,357,360,358,363,363,359,360,358,363,386,371,389,392,390,371,329,330,319,319,319,328,329,329,330,35,26,12,13,12,13,12,13,12,13,12,11,79,76,63,63,64,68,68,68,68,68,68,68,68,68,68,68,68,68,68,94,95,61,10,13,12,13,12,13,12,13,12,13,12,13,12,13,12,13,12,13,12,13,12,13,12,13,12,13,12,13,12,13,12,11,49,51,10,11,10,11,49,34,34,34,163,50,50,50,34,50,50,35,79,33,34,50,50,34,35,26,27,26,27,26,12,13,12,13,12,13,12,13,12,13,12,13,12,13,12,13,27,33,192,132,132,132,132,132,132,132,132,132,132,132,132,132,132,132,132,132,132,132,132,
13,12,13,12,13,12,13,12,13,12,13,12,13,12,13,12,13,12,13,12,11,33,328,417,418,330,347,347,347,328,329,402,373,376,374,379,379,375,376,374,379,402,387,405,408,406,387,329,330,347,350,347,328,417,418,330,34,19,26,27,26,12,13,12,13,12,13,27,79,79,60,95,96,68,68,68,68,68,68,62,63,63,63,63,64,68,68,68,68,78,26,12,13,12,13,27,26,27,26,12,13,12,13,12,13,12,13,12,13,12,13,12,13,12,13,12,13,12,13,12,13,12,11,10,13,12,13,12,11,33,34,162,35,120,121,122,40,10,11,40,79,33,35,10,11,33,34,18,18,18,19,10,13,12,13,12,13,12,13,12,13,12,13,12,13,12,13,12,11,33,192,132,132,132,132,132,132,132,132,132,132,132,132,132,132,132,132,132,132,132,132,
12,13,12,13,12,13,12,13,12,13,12,13,12,13,12,13,12,13,12,13,27,33,328,433,434,330,347,319,347,328,329,385,362,422,363,363,423,424,425,426,427,385,387,421,389,390,387,329,330,347,319,347,328,433,434,330,34,51,10,11,10,13,12,13,12,13,12,11,60,95,96,68,68,68,68,68,68,62,63,77,79,79,101,79,80,68,68,68,68,78,79,26,27,26,27,60,95,95,61,26,12,13,12,13,12,13,12,13,12,13,12,13,12,13,12,13,12,13,12,13,12,13,12,13,12,13,12,13,27,33,162,34,34,136,137,138,35,26,27,40,79,33,35,26,27,33,162,34,163,34,35,26,12,13,12,13,12,13,12,13,12,13,12,13,12,13,12,13,27,33,192,132,132,132,132,132,132,132,132,132,132,132,132,132,132,132,132,132,132,132,132,
13,12,13,12,13,12,13,12,13,12,13,12,13,12,13,12,13,12,13,27,17,34,328,329,329,330,347,319,347,328,329,401,378,438,379,379,439,440,441,442,443,401,403,437,405,406,403,329,330,347,319,347,328,329,329,330,35,10,13,12,13,12,13,12,13,12,13,27,80,68,68,68,68,68,68,68,62,77,10,11,10,11,79,79,76,64,68,68,68,94,61,79,60,95,95,96,66,67,78,10,13,12,13,12,13,12,13,12,13,12,13,12,13,12,13,12,13,12,13,12,13,12,13,12,13,12,13,27,17,34,163,34,34,181,164,183,34,18,18,35,79,33,35,10,11,33,50,50,50,34,35,10,13,12,13,12,13,12,13,12,13,12,13,12,13,12,13,12,11,33,192,132,132,132,132,132,132,132,132,132,132,132,132,132,132,132,132,132,132,132,132,
12,13,12,13,12,13,12,13,12,13,12,13,12,13,12,13,12,13,12,11,49,34,328,417,418,330,347,319,347,328,329,329,329,329,329,329,329,329,329,329,329,329,329,329,329,329,329,329,330,347,319,347,328,417,418,330,35,26,12,13,12,13,12,13,12,13,12,11,80,68,68,68,68,68,68,62,77,79,26,12,13,12,11,101,79,76,64,68,68,68,94,95,96,67,67,67,66,62,77,26,12,13,12,13,12,13,12,13,12,13,12,13,12,13,12,13,12,13,12,13,12,13,12,13,12,13,12,11,49,34,34,163,34,35,79,49,50,50,50,51,79,33,35,26,27,40,149,150,151,33,35,26,12,13,12,13,12,13,12,13,12,13,12,13,12,13,12,13,27,33,192,132,132,132,132,132,132,132,132,132,132,132,132,132,132,132,132,132,132,132,132,
13,12,13,12,13,12,13,12,13,12,13,12,13,12,13,12,13,12,13,12,11,33,328,433,434,330,347,319,347,344,345,345,345,345,345,345,345,345,345,345,345,345,345,345,345,345,345,345,346,347,319,347,328,433,434,330,326,19,26,12,13,12,13,12,13,12,13,27,80,68,68,68,68,68,68,78,79,79,10,13,27,26,27,79,79,60,96,68,68,68,68,68,67,67,67,67,67,78,79,10,13,12,13,12,13,12,13,12,13,12,13,12,13,12,13,12,13,12,13,12,13,12,13,12,13,12,13,12,11,33,162,34,34,35,79,79,79,79,79,79,79,33,34,18,18,34,165,166,167,162,35,10,13,12,13,12,13,12,13,12,13,12,13,12,13,12,13,12,11,33,192,132,132,132,132,132,132,132,132,132,132,132,132,132,132,132,132,132,132,132,132,
12,13,12,13,12,13,12,13,12,13,12,13,12,13,12,13,12,13,12,13,27,33,328,329,329,330,347,347,347,347,347,347,347,347,347,347,347,347,347,347,347,347,347,347,347,347,347,347,347,347,347,347,328,329,329,330,326,35,10,13,12,13,12,13,12,13,12,11,80,68,68,68,68,68,68,94,61,79,26,27,79,79,79,60,95,96,68,68,68,68,68,68,67,67,67,67,67,78,10,13,12,13,12,13,12,13,12,13,12,13,12,13,12,13,12,13,12,13,12,13,12,13,12,13,12,13,12,13,27,33,34,162,34,34,18,18,18,18,18,19,79,33,162,163,34,34,181,164,183,34,35,26,12,13,12,13,12,13,12,13,12,13,12,13,12,13,12,13,27,33,192,132,132,132,132,132,132,132,132,132,132,132,132,132,132,132,132,132,132,132,132,
13,12,13,12,13,12,13,12,13,12,13,12,13,12,13,12,13,12,13,12,11,33,328,417,418,330,347,347,347,336,351,351,351,351,351,351,351,351,351,351,351,351,351,351,351,351,351,351,336,347,347,347,328,417,418,330,326,35,26,12,13,12,13,12,13,12,13,27,76,63,64,68,68,68,68,68,94,95,95,61,60,95,95,96,68,68,68,68,68,62,63,63,63,64,67,67,62,77,26,12,13,27,26,12,13,12,13,12,13,12,13,12,13,12,13,12,13,12,13,12,13,12,13,12,13,12,13,12,11,49,34,34,34,162,34,34,50,50,50,51,79,49,50,50,50,50,51,79,33,34,51,10,13,12,13,12,13,12,13,12,13,12,13,12,13,12,13,12,11,33,192,132,132,132,132,132,132,132,132,132,132,132,132,132,132,132,132,132,132,132,132,
12,13,12,13,12,13,12,13,12,13,12,13,12,13,12,13,12,13,12,13,27,33,328,433,434,330,347,347,347,347,347,347,347,347,347,347,347,347,347,347,347,347,347,347,347,347,347,347,347,347,347,347,328,433,434,330,326,51,10,13,12,13,12,13,12,13,12,11,10,11,76,63,63,64,68,68,68,68,68,94,96,68,68,68,68,68,68,68,62,77,10,11,59,76,64,68,94,61,79,26,27,79,10,13,12,13,12,13,12,13,12,13,12,13,12,13,12,13,12,13,12,13,12,13,12,13,12,13,12,11,33,34,162,34,34,35,79,79,79,79,79,79,79,79,79,79,79,79,33,51,10,13,12,13,12,13,12,13,12,13,12,13,12,13,12,13,12,13,27,33,192,132,132,132,132,132,132,132,132,132,132,132,132,132,132,132,132,132,132,132,132,
13,12,13,12,13,12,13,12,13,12,13,12,13,12,13,12,13,12,13,12,11,33,328,329,329,329,313,313,313,313,313,313,313,313,313,313,313,313,313,313,313,313,313,313,313,313,313,313,313,313,313,313,329,329,329,330,35,10,13,12,13,12,13,12,13,12,13,12,13,12,11,10,11,76,63,63,64,68,68,68,68,68,68,68,68,68,68,62,77,10,13,12,11,79,80,68,68,94,95,61,79,79,26,12,13,12,13,12,13,12,13,12,13,12,13,12,13,12,13,12,13,12,13,12,13,12,13,12,13,27,49,34,34,163,34,35,79,79,17,18,18,18,18,18,18,18,18,18,35,10,13,12,13,12,13,12,13,12,13,12,13,12,13,12,13,12,13,12,11,33,192,132,132,132,132,132,132,132,132,132,132,132,132,132,132,132,132,132,132,132,132,
12,13,12,13,12,13,12,13,12,13,12,13,12,13,12,13,12,13,12,13,27,33,328,309,311,329,417,418,329,417,418,329,417,418,329,417,418,329,417,418,329,417,418,329,417,418,329,417,418,329,417,418,329,309,311,330,35,26,12,13,12,13,12,13,12,13,12,13,12,13,12,13,12,11,10,11,76,63,63,63,63,63,63,63,63,63,63,77,10,13,12,13,12,11,76,64,68,68,68,78,79,31,79,26,12,13,12,13,12,13,12,13,12,13,12,13,12,13,12,13,12,13,12,13,12,13,27,26,27,102,102,49,50,50,50,51,79,79,33,34,34,34,34,162,162,34,34,163,35,26,12,13,12,13,12,13,12,13,12,13,12,13,12,13,12,13,12,13,27,33,192,132,132,132,132,132,132,132,132,132,132,132,132,132,132,132,132,132,132,132,132,
13,12,13,12,13,12,13,12,13,12,13,12,13,12,13,12,13,12,13,27,17,34,328,341,343,329,433,434,329,433,434,329,433,434,329,433,434,329,433,434,329,433,434,329,433,434,329,433,434,329,433,434,329,341,343,330,35,10,13,12,13,12,13,12,13,12,13,12,13,12,13,12,13,12,13,12,11,10,11,10,11,10,11,10,11,10,11,10,13,12,13,12,13,12,11,76,63,64,68,78,79,79,79,10,13,12,13,12,13,12,13,12,13,12,13,12,13,12,13,12,13,12,13,12,13,12,11,149,150,151,102,107,207,207,207,207,3,5,207,207,207,207,207,207,207,207,108,34,35,10,13,12,13,12,13,12,13,12,13,12,13,12,13,12,13,12,13,12,11,33,192,132,132,132,132,132,132,132,132,132,132,132,132,132,132,132,132,132,132,132,132,
27,26,27,26,27,26,27,26,27,26,27,26,27,26,27,26,27,26,27,17,34,34,344,345,345,345,345,345,345,345,345,345,345,345,345,345,345,345,345,345,345,345,345,345,345,345,345,345,345,345,345,345,345,345,345,346,35,26,27,26,27,26,27,26,27,26,27,26,27,26,27,26,27,26,27,26,27,26,27,26,27,26,27,26,27,26,27,26,27,26,27,26,27,26,27,79,60,96,68,94,61,79,79,26,27,26,27,26,27,26,27,26,27,26,27,26,27,26,27,26,27,26,27,26,27,26,27,165,166,167,102,192,223,223,223,223,3,5,223,223,223,93,93,223,223,223,190,34,35,26,27,26,27,26,27,26,27,26,27,26,27,26,27,26,27,26,27,26,27,33,192,132,132,132,132,132,132,132,132,132,132,132,132,132,132,132,132,132,132,132,132,
18,18,18,18,18,18,18,18,18,18,18,18,18,18,18,19,101,17,18,326,326,326,326,326,326,326,326,326,326,326,326,326,326,326,326,326,326,326,326,326,326,326,326,326,326,326,326,326,326,326,326,326,326,326,326,326,326,18,18,18,18,18,18,18,18,18,18,18,18,18,18,18,18,18,18,18,18,18,18,18,18,18,18,18,18,18,18,18,18,18,18,18,18,18,18,19,80,67,67,67,78,17,18,18,18,18,18,18,18,18,18,18,18,18,18,18,18,18,18,18,18,18,18,18,18,18,19,181,164,183,79,192,73,73,73,73,73,73,73,73,73,73,73,73,73,74,190,34,34,18,19,102,102,17,18,18,18,18,18,18,18,18,18,18,18,18,18,18,18,34,192,132,132,132,132,132,132,132,132,132,132,132,132,132,132,132,132,132,132,132,132,
34,34,34,34,34,34,34,34,34,34,34,34,34,34,34,35,101,33,326,326,326,326,326,326,326,326,326,326,326,326,326,326,326,326,326,326,326,326,326,326,326,326,326,326,326,326,326,326,326,326,326,326,326,326,326,326,326,326,326,326,326,326,326,326,326,326,326,326,326,326,326,326,326,326,326,326,326,326,326,326,326,326,326,326,326,326,326,326,326,326,326,326,326,326,326,35,107,207,207,207,108,33,326,326,326,326,326,326,326,326,326,326,326,326,326,326,326,326,326,326,326,326,326,326,34,34,35,79,79,79,79,192,73,74,73,73,73,73,73,73,73,73,73,73,74,73,206,207,207,207,207,207,207,207,207,207,207,207,207,207,207,207,207,207,207,207,207,207,207,207,208,132,132,132,132,132,132,132,132,132,132,132,132,132,132,132,132,132,132,132,132,
207,207,207,207,207,207,207,207,207,207,207,207,207,207,207,207,207,207,207,207,207,207,207,207,207,207,207,207,207,207,207,207,207,207,207,207,207,207,207,207,207,207,207,207,207,207,207,207,207,207,207,207,207,207,207,207,207,207,207,207,207,207,207,207,207,207,207,207,207,207,207,207,207,207,207,207,207,207,207,207,207,207,207,207,207,207,207,207,207,207,207,207,207,207,207,207,208,113,114,115,206,207,207,207,207,207,207,207,207,207,207,207,207,207,207,207,207,207,207,207,207,207,207,207,207,207,207,207,207,207,207,208,73,73,73,73,73,73,73,73,73,73,73,73,73,73,255,223,223,223,223,223,223,223,223,223,223,223,223,223,223,223,223,223,223,223,223,223,223,223,272,132,132,132,132,132,132,132,132,132,132,132,132,132,132,132,132,132,132,132,132,
223,223,223,223,223,223,223,223,223,223,223,223,223,223,223,223,223,223,223,223,223,223,223,223,223,223,223,223,223,223,223,223,223,223,223,223,223,223,223,223,223,223,223,223,223,223,223,223,223,223,223,223,223,223,223,223,223,223,223,223,223,223,223,223,223,223,223,223,223,223,223,223,223,223,223,223,223,223,223,223,223,223,223,223,223,223,223,223,223,223,223,223,223,223,223,223,272,113,114,115,271,223,223,223,223,223,223,223,223,223,223,223,223,223,223,223,223,223,223,223,223,223,223,223,223,223,223,223,223,223,223,272,148,148,148,148,148,148,148,148,148,148,148,148,148,148,132,132,132,132,132,132,132,132,132,132,132,132,132,132,132,132,132,132,132,132,132,132,132,132,132,132,132,132,132,132,132,132,132,132,132,132,132,132,132,132,132,132,132,132,132,
132,132,132,132,132,132,132,132,132,132,132,132,132,132,132,132,132,132,132,132,132,132,132,132,132,132,132,132,132,132,132,132,132,132,132,132,132,132,132,132,132,132,132,132,132,132,132,132,132,132,132,132,132,132,132,132,132,132,132,132,132,132,132,132,132,132,132,132,132,132,132,132,132,132,132,132,132,132,132,132,132,132,132,132,132,132,132,132,132,132,132,132,132,132,132,132,132,132,132,132,132,132,132,132,132,132,132,132,132,132,132,132,132,132,132,132,132,132,132,132,132,132,132,132,132,132,132,132,132,132,132,132,132,132,132,132,132,132,132,132,132,132,132,132,132,132,132,132,132,132,132,132,132,132,132,132,132,132,132,132,132,132,132,132,132,132,132,132,132,132,132,132,132,132,132,132,132,132,132,132,132,132,132,132,132,132,132,132,132,132,132,
132,132,132,132,132,132,132,132,132,132,132,132,132,132,132,132,132,132,132,132,132,132,132,132,132,132,132,132,132,132,132,132,132,132,132,132,132,132,132,132,132,132,132,132,132,132,132,132,132,132,132,132,132,132,132,132,132,132,132,132,132,132,132,132,132,132,132,132,132,132,132,132,132,132,132,132,132,132,132,132,132,132,132,132,132,132,132,132,132,132,132,132,132,132,132,132,132,132,132,132,132,132,132,132,132,132,132,132,132,132,132,132,132,132,132,132,132,132,132,132,132,132,132,132,132,132,132,132,132,132,132,132,132,132,132,132,132,132,132,132,132,132,132,132,132,132,132,132,132,132,132,132,132,132,132,132,132,132,132,132,132,132,132,132,132,132,132,132,132,132,132,132,132,132,132,132,132,132,132,132,132,132,132,132,132,132,132,132,132,132,132,
132,132,132,132,132,132,132,132,132,132,132,132,132,132,132,132,132,132,132,132,132,132,132,132,132,132,132,132,132,132,132,132,132,132,132,132,132,132,132,132,132,132,132,132,132,132,132,132,132,132,132,132,132,132,132,132,132,132,132,132,132,132,132,132,132,132,132,132,132,132,132,132,132,132,132,132,132,132,132,132,132,132,132,132,132,132,132,132,132,132,132,132,132,132,132,132,132,132,132,132,132,132,132,132,132,132,132,132,132,132,132,132,132,132,132,132,132,132,132,132,132,132,132,132,132,132,132,132,132,132,132,132,132,132,132,132,132,132,132,132,132,132,132,132,132,132,132,132,132,132,132,132,132,132,132,132,132,132,132,132,132,132,132,132,132,132,132,132,132,132,132,132,132,132,132,132,132,132,132,132,132,132,132,132,132,132,132,132,132,132,132,
132,132,132,132,132,132,132,132,132,132,132,132,132,132,132,132,132,132,132,132,132,132,132,132,132,132,132,132,132,132,132,132,132,132,132,132,132,132,132,132,132,132,132,132,132,132,132,132,132,132,132,132,132,132,132,132,132,132,132,132,132,132,132,132,132,132,132,132,132,132,132,132,132,132,132,132,132,132,132,132,132,132,132,132,132,132,132,132,132,132,132,132,132,132,132,132,132,132,132,132,132,132,132,132,132,132,132,132,132,132,132,132,132,132,132,132,132,132,132,132,132,132,132,132,132,132,132,132,132,132,132,132,132,132,132,132,132,132,132,132,132,132,132,132,132,132,132,132,132,132,132,132,132,132,132,132,132,132,132,132,132,132,132,132,132,132,132,132,132,132,132,132,132,132,132,132,132,132,132,132,132,132,132,132,132,132,132,132,132,132,132,
132,132,132,132,132,132,132,132,132,132,132,132,132,132,132,132,132,132,132,132,132,132,132,132,132,132,132,132,132,132,132,132,132,132,132,132,132,132,132,132,132,132,132,132,132,132,132,132,132,132,132,132,132,132,132,132,132,132,132,132,132,132,132,132,132,132,132,132,132,132,132,132,132,132,132,132,132,132,132,132,132,132,132,132,132,132,132,132,132,132,132,132,132,132,132,132,132,132,132,132,132,132,132,132,132,132,132,132,132,132,132,132,132,132,132,132,132,132,132,132,132,132,132,132,132,132,132,132,132,132,132,132,132,132,132,132,132,132,132,132,132,132,132,132,132,132,132,132,132,132,132,132,132,132,132,132,132,132,132,132,132,132,132,132,132,132,132,132,132,132,132,132,132,132,132,132,132,132,132,132,132,132,132,132,132,132,132,132,132,132,132,
132,132,132,132,132,132,132,132,132,132,132,132,132,132,132,132,132,132,132,132,132,132,132,132,132,132,132,132,132,132,132,132,132,132,132,132,132,132,132,132,132,132,132,132,132,132,132,132,132,132,132,132,132,132,132,132,132,132,132,132,132,132,132,132,132,132,132,132,132,132,132,132,132,132,132,132,132,132,132,132,132,132,132,132,132,132,132,132,132,132,132,132,132,132,132,132,132,132,132,132,132,132,132,132,132,132,132,132,132,132,132,132,132,132,132,132,132,132,132,132,132,132,132,132,132,132,132,132,132,132,132,132,132,132,132,132,132,132,132,132,132,132,132,132,132,132,132,132,132,132,132,132,132,132,132,132,132,132,132,132,132,132,132,132,132,132,132,132,132,132,132,132,132,132,132,132,132,132,132,132,132,132,132,132,132,132,132,132,132,132,132,
132,132,132,132,132,132,132,132,132,132,132,132,132,132,132,132,132,132,132,132,132,132,132,132,132,132,132,132,132,132,132,132,132,132,132,132,132,132,132,132,132,132,132,132,132,132,132,132,132,132,132,132,132,132,132,132,132,132,132,132,132,132,132,132,132,132,132,132,132,132,132,132,132,132,132,132,132,132,132,132,132,132,132,132,132,132,132,132,132,132,132,132,132,132,132,132,132,132,132,132,132,132,132,132,132,132,132,132,132,132,132,132,132,132,132,132,132,132,132,132,132,132,132,132,132,132,132,132,132,132,132,132,132,132,132,132,132,132,132,132,132,132,132,132,132,132,132,132,132,132,132,132,132,132,132,132,132,132,132,132,132,132,132,132,132,132,132,132,132,132,132,132,132,132,132,132,132,132,132,132,132,132,132,132,132,132,132,132,132,132,132,
132,132,132,132,132,132,132,132,132,132,132,132,132,132,132,132,132,132,132,132,132,132,132,132,132,132,132,132,132,132,132,132,132,132,132,132,132,132,132,132,132,132,132,132,132,132,132,132,132,132,132,132,132,132,132,132,132,132,132,132,132,132,132,132,132,132,132,132,132,132,132,132,132,132,132,132,132,132,132,132,132,132,132,132,132,132,132,132,132,132,132,132,132,132,132,132,132,132,132,132,132,132,132,132,132,132,132,132,132,132,132,132,132,132,132,132,132,132,132,132,132,132,132,132,132,132,132,132,132,132,132,132,132,132,132,132,132,132,132,132,132,132,132,132,132,132,132,132,132,132,132,132,132,132,132,132,132,132,132,132,132,132,132,132,132,132,132,132,132,132,132,132,132,132,132,132,132,132,132,132,132,132,132,132,132,132,132,132,132,132,132,
132,132,132,132,132,132,132,132,132,132,132,132,132,132,132,132,132,132,132,132,132,132,132,132,132,132,132,132,132,132,132,132,132,132,132,132,132,132,132,132,132,132,132,132,132,132,132,132,132,132,132,132,132,132,132,132,132,132,132,132,132,132,132,132,132,132,132,132,132,132,132,132,132,132,132,132,132,132,132,132,132,132,132,132,132,132,132,132,132,132,132,132,132,132,132,132,132,132,132,132,132,132,132,132,132,132,132,132,132,132,132,132,132,132,132,132,132,132,132,132,132,132,132,132,132,132,132,132,132,132,132,132,132,132,132,132,132,132,132,132,132,132,132,132,132,132,132,132,132,132,132,132,132,132,132,132,132,132,132,132,132,132,132,132,132,132,132,132,132,132,132,132,132,132,132,132,132,132,132,132,132,132,132,132,132,132,132,132,132,132,132,
132,132,132,132,132,132,132,132,132,132,132,132,132,132,132,132,132,132,132,132,132,132,132,132,132,132,132,132,132,132,132,132,132,132,132,132,132,132,132,132,132,132,132,132,132,132,132,132,132,132,132,132,132,132,132,132,132,132,132,132,132,132,132,132,132,132,132,132,132,132,132,132,132,132,132,132,132,132,132,132,132,132,132,132,132,132,132,132,132,132,132,132,132,132,132,132,132,132,132,132,132,132,132,132,132,132,132,132,132,132,132,132,132,132,132,132,132,132,132,132,132,132,132,132,132,132,132,132,132,132,132,132,132,132,132,132,132,132,132,132,132,132,132,132,132,132,132,132,132,132,132,132,132,132,132,132,132,132,132,132,132,132,132,132,132,132,132,132,132,132,132,132,132,132,132,132,132,132,132,132,132,132,132,132,132,132,132,132,132,132,132,
132,132,132,132,132,132,132,132,132,132,132,132,132,132,132,132,132,132,132,132,132,132,132,132,132,132,132,132,132,132,132,132,132,132,132,132,132,132,132,132,132,132,132,132,132,132,132,132,132,132,132,132,132,132,132,132,132,132,132,132,132,132,132,132,132,132,132,132,132,132,132,132,132,132,132,132,132,132,132,132,132,132,132,132,132,132,132,132,132,132,132,132,132,132,132,132,132,132,132,132,132,132,132,132,132,132,132,132,132,132,132,132,132,132,132,132,132,132,132,132,132,132,132,132,132,132,132,132,132,132,132,132,132,132,132,132,132,132,132,132,132,132,132,132,132,132,132,132,132,132,132,132,132,132,132,132,132,132,132,132,132,132,132,132,132,132,132,132,132,132,132,132,132,132,132,132,132,132,132,132,132,132,132,132,132,132,132,132,132,132,132,
132,132,132,132,132,132,132,132,132,132,132,132,132,132,132,132,132,132,132,132,132,132,132,132,132,132,132,132,132,132,132,132,132,132,132,132,132,132,132,132,132,132,132,132,132,132,132,132,132,132,132,132,132,132,132,132,132,132,132,132,132,132,132,132,132,132,132,132,132,132,132,132,132,132,132,132,132,132,132,132,132,132,132,132,132,132,132,132,132,132,132,132,132,132,132,132,132,132,132,132,132,132,132,132,132,132,132,132,132,132,132,132,132,132,132,132,132,132,132,132,132,132,132,132,132,132,132,132,132,132,132,132,132,132,132,132,132,132,132,132,132,132,132,132,132,132,132,132,132,132,132,132,132,132,132,132,132,132,132,132,132,132,132,132,132,132,132,132,132,132,132,132,132,132,132,132,132,132,132,132,132,132,132,132,132,132,132,132,132,132,132,
132,132,132,132,132,132,132,132,132,132,132,132,132,132,132,132,132,132,132,132,132,132,132,132,132,132,132,132,132,132,132,132,132,132,132,132,132,132,132,132,132,132,132,132,132,132,132,132,132,132,132,132,132,132,132,132,132,132,132,132,132,132,132,132,132,132,132,132,132,132,132,132,132,132,132,132,132,132,132,132,132,132,132,132,132,132,132,132,132,132,132,132,132,132,132,132,132,132,132,132,132,132,132,132,132,132,132,132,132,132,132,132,132,132,132,132,132,132,132,132,132,132,132,132,132,132,132,132,132,132,132,132,132,132,132,132,132,132,132,132,132,132,132,132,132,132,132,132,132,132,132,132,132,132,132,132,132,132,132,132,132,132,132,132,132,132,132,132,132,132,132,132,132,132,132,132,132,132,132,132,132,132,132,132,132,132,132,132,132,132,132,
132,132,132,132,132,132,132,132,132,132,132,132,132,132,132,132,132,132,132,132,132,132,132,132,132,132,132,132,132,132,132,132,132,132,132,132,132,132,132,132,132,132,132,132,132,132,132,132,132,132,132,132,132,132,132,132,132,132,132,132,132,132,132,132,132,132,132,132,132,132,132,132,132,132,132,132,132,132,132,132,132,132,132,132,132,132,132,132,132,132,132,132,132,132,132,132,132,132,132,132,132,132,132,132,132,132,132,132,132,132,132,132,132,132,132,132,132,132,132,132,132,132,132,132,132,132,132,132,132,132,132,132,132,132,132,132,132,132,132,132,132,132,132,132,132,132,132,132,132,132,132,132,132,132,132,132,132,132,132,132,132,132,132,132,132,132,132,132,132,132,132,132,132,132,132,132,132,132,132,132,132,132,132,132,132,132,132,132,132,132,132,
132,132,132,132,132,132,132,132,132,132,132,132,132,132,132,132,132,132,132,132,132,132,132,132,132,132,132,132,132,132,132,132,132,132,132,132,132,132,132,132,132,132,132,132,132,132,132,132,132,132,132,132,132,132,132,132,132,132,132,132,132,132,132,132,132,132,132,132,132,132,132,132,132,132,132,132,132,132,132,132,132,132,132,132,132,132,132,132,132,132,132,132,132,132,132,132,132,132,132,132,132,132,132,132,132,132,132,132,132,132,132,132,132,132,132,132,132,132,132,132,132,132,132,132,132,132,132,132,132,132,132,132,132,132,132,132,132,132,132,132,132,132,132,132,132,132,132,132,132,132,132,132,132,132,132,132,132,132,132,132,132,132,132,132,132,132,132,132,132,132,132,132,132,132,132,132,132,132,132,132,132,132,132,132,132,132,132,132,132,132,132,
132,132,132,132,132,132,132,132,132,132,132,132,132,132,132,132,132,132,132,132,132,132,132,132,132,132,132,132,132,132,132,132,132,132,132,132,132,132,132,132,132,132,132,132,132,132,132,132,132,132,132,132,132,132,132,132,132,132,132,132,132,132,132,132,132,132,132,132,132,132,132,132,132,132,132,132,132,132,132,132,132,132,132,132,132,132,132,132,132,132,132,132,132,132,132,132,132,132,132,132,132,132,132,132,132,132,132,132,132,132,132,132,132,132,132,132,132,132,132,132,132,132,132,132,132,132,132,132,132,132,132,132,132,132,132,132,132,132,132,132,132,132,132,132,132,132,132,132,132,132,132,132,132,132,132,132,132,132,132,132,132,132,132,132,132,132,132,132,132,132,132,132,132,132,132,132,132,132,132,132,132,132,132,132,132,132,132,132,132,132,132,
132,132,132,132,132,132,132,132,132,132,132,132,132,132,132,132,132,132,132,132,132,132,132,132,132,132,132,132,132,132,132,132,132,132,132,132,132,132,132,132,132,132,132,132,132,132,132,132,132,132,132,132,132,132,132,132,132,132,132,132,132,132,132,132,132,132,132,132,132,132,132,132,132,132,132,132,132,132,132,132,132,132,132,132,132,132,132,132,132,132,132,132,132,132,132,132,132,132,132,132,132,132,132,132,132,132,132,132,132,132,132,132,132,132,132,132,132,132,132,132,132,132,132,132,132,132,132,132,132,132,132,132,132,132,132,132,132,132,132,132,132,132,132,132,132,132,132,132,132,132,132,132,132,132,132,132,132,132,132,132,132,132,132,132,132,132,132,132,132,132,132,132,132,132,132,132,132,132,132,132,132,132,132,132,132,132,132,132,132,132,132,
132,132,132,132,132,132,132,132,132,132,132,132,132,132,132,132,132,132,132,132,132,132,132,132,132,132,132,132,132,132,132,132,132,132,132,132,132,132,132,132,132,132,132,132,132,132,132,132,132,132,132,132,132,132,132,132,132,132,132,132,132,132,132,132,132,132,132,132,132,132,132,132,132,132,132,132,132,132,132,132,132,132,132,132,132,132,132,132,132,132,132,132,132,132,132,132,132,132,132,132,132,132,132,132,132,132,132,132,132,132,132,132,132,132,132,132,132,132,132,132,132,132,132,132,132,132,132,132,132,132,132,132,132,132,132,132,132,132,132,132,132,132,132,132,132,132,132,132,132,132,132,132,132,132,132,132,132,132,132,132,132,132,132,132,132,132,132,132,132,132,132,132,132,132,132,132,132,132,132,132,132,132,132,132,132,132,132,132,132,132,132,
132,132,132,132,132,132,132,132,132,132,132,132,132,132,132,132,132,132,132,132,132,132,132,132,132,132,132,132,132,132,132,132,132,132,132,132,132,132,132,132,132,132,132,132,132,132,132,132,132,132,132,132,132,132,132,132,132,132,132,132,132,132,132,132,132,132,132,132,132,132,132,132,132,132,132,132,132,132,132,132,132,132,132,132,132,132,132,132,132,132,132,132,132,132,132,132,132,132,132,132,132,132,132,132,132,132,132,132,132,132,132,132,132,132,132,132,132,132,132,132,132,132,132,132,132,132,132,132,132,132,132,132,132,132,132,132,132,132,132,132,132,132,132,132,132,132,132,132,132,132,132,132,132,132,132,132,132,132,132,132,132,132,132,132,132,132,132,132,132,132,132,132,132,132,132,132,132,132,132,132,132,132,132,132,132,132,132,132,132,132,132,
132,132,132,132,132,132,132,132,132,132,132,132,132,132,132,132,132,132,132,132,132,132,132,132,132,132,132,132,132,132,132,132,132,132,132,132,132,132,132,132,132,132,132,132,132,132,132,132,132,132,132,132,132,132,132,132,132,132,132,132,132,132,132,132,132,132,132,132,132,132,132,132,132,132,132,132,132,132,132,132,132,132,132,132,132,132,132,132,132,132,132,132,132,132,132,132,132,132,132,132,132,132,132,132,132,132,132,132,132,132,132,132,132,132,132,132,132,132,132,132,132,132,132,132,132,132,132,132,132,132,132,132,132,132,132,132,132,132,132,132,132,132,132,132,132,132,132,132,132,132,132,132,132,132,132,132,132,132,132,132,132,132,132,132,132,132,132,132,132,132,132,132,132,132,132,129,129,132,132,132,132,132,132,132,132,132,132,132,132,132,132,
129,129,129,129,129,129,129,129,129,129,129,129,129,129,129,129,129,129,129,129,129,129,129,129,129,129,129,129,129,129,129,129,129,129,129,129,129,129,129,129,129,129,129,129,129,129,129,129,129,129,129,129,129,129,129,129,129,129,129,129,129,129,129,129,129,129,129,129,129,129,129,129,129,129,129,129,129,129,129,129,129,129,129,129,129,129,129,129,129,129,129,129,129,129,129,129,129,129,129,129,129,129,129,129,129,129,129,129,129,129,129,129,129,129,129,129,129,129,129,129,129,129,129,129,129,129,129,129,129,129,129,129,129,129,129,129,129,129,129,129,129,129,129,129,129,129,129,129,129,129,129,129,129,129,129,129,129,129,129,129,129,129,129,129,129,129,129,129,129,129,129,129,129,129,129,129,129,129,129,129,129,129,129,129,129,129,129,129,129,129,129
